0.0000 0.1600 0.0648
0.0000 0.1800 0.0636
0.0000 0.2000 0.0642
0.0000 0.2200 0.0657
0.0000 0.2400 0.0677
0.0000 0.2600 0.0701
0.0000 0.2800 0.0727
0.0000 0.3000 0.0755
0.0000 0.3200 0.0784
0.0000 0.3400 0.0814
0.0000 0.3600 0.0845
0.0000 0.3800 0.0876
0.0000 0.4000 0.0908
0.0000 0.4200 0.0940
0.0000 0.4400 0.0973
0.0000 0.4600 0.1006
0.0000 0.4800 0.1039
0.0000 0.5000 0.1072
0.0000 0.5200 0.1106
0.0000 0.5400 0.1139
0.0000 0.5600 0.1173
0.0000 0.5800 0.1207
0.2000 0.1600 0.0640
0.2000 0.1800 0.0629
0.2000 0.2000 0.0634
0.2000 0.2200 0.0649
0.2000 0.2400 0.0669
0.2000 0.2600 0.0692
0.2000 0.2800 0.0718
0.2000 0.3000 0.0746
0.2000 0.3200 0.0775
0.2000 0.3400 0.0804
0.2000 0.3600 0.0835
0.2000 0.3800 0.0866
0.2000 0.4000 0.0897
0.2000 0.4200 0.0929
0.2000 0.4400 0.0962
0.2000 0.4600 0.0994
0.2000 0.4800 0.1027
0.2000 0.5000 0.1060
0.2000 0.5200 0.1093
0.2000 0.5400 0.1126
0.2000 0.5600 0.1159
0.2000 0.5800 0.1193
0.4000 0.1600 0.0618
0.4000 0.1800 0.0607
0.4000 0.2000 0.0613
0.4000 0.2200 0.0627
0.4000 0.2400 0.0647
0.4000 0.2600 0.0669
0.4000 0.2800 0.0694
0.4000 0.3000 0.0721
0.4000 0.3200 0.0749
0.4000 0.3400 0.0778
0.4000 0.3600 0.0807
0.4000 0.3800 0.0837
0.4000 0.4000 0.0868
0.4000 0.4200 0.0899
0.4000 0.4400 0.0930
0.4000 0.4600 0.0961
0.4000 0.4800 0.0993
0.4000 0.5000 0.1025
0.4000 0.5200 0.1057
0.4000 0.5400 0.1089
0.4000 0.5600 0.1121
0.4000 0.5800 0.1153
0.6000 0.1600 0.0586
0.6000 0.1800 0.0576
0.6000 0.2000 0.0582
0.6000 0.2200 0.0595
0.6000 0.2400 0.0614
0.6000 0.2600 0.0635
0.6000 0.2800 0.0659
0.6000 0.3000 0.0685
0.6000 0.3200 0.0711
0.6000 0.3400 0.0738
0.6000 0.3600 0.0766
0.6000 0.3800 0.0795
0.6000 0.4000 0.0824
0.6000 0.4200 0.0853
0.6000 0.4400 0.0883
0.6000 0.4600 0.0913
0.6000 0.4800 0.0943
0.6000 0.5000 0.0973
0.6000 0.5200 0.1004
0.6000 0.5400 0.1034
0.6000 0.5600 0.1065
0.6000 0.5800 0.1096
0.8000 0.1600 0.0548
0.8000 0.1800 0.0539
0.8000 0.2000 0.0545
0.8000 0.2200 0.0558
0.8000 0.2400 0.0575
0.8000 0.2600 0.0595
0.8000 0.2800 0.0618
0.8000 0.3000 0.0642
0.8000 0.3200 0.0666
0.8000 0.3400 0.0692
0.8000 0.3600 0.0719
0.8000 0.3800 0.0745
0.8000 0.4000 0.0773
0.8000 0.4200 0.0800
0.8000 0.4400 0.0828
0.8000 0.4600 0.0856
0.8000 0.4800 0.0884
0.8000 0.5000 0.0913
0.8000 0.5200 0.0941
0.8000 0.5400 0.0970
0.8000 0.5600 0.0999
0.8000 0.5800 0.1027
1.0000 0.1600 0.0509
1.0000 0.1800 0.0501
1.0000 0.2000 0.0506
1.0000 0.2200 0.0518
1.0000 0.2400 0.0534
1.0000 0.2600 0.0554
1.0000 0.2800 0.0574
1.0000 0.3000 0.0597
1.0000 0.3200 0.0620
1.0000 0.3400 0.0644
1.0000 0.3600 0.0668
1.0000 0.3800 0.0693
1.0000 0.4000 0.0719
1.0000 0.4200 0.0744
1.0000 0.4400 0.0770
1.0000 0.4600 0.0796
1.0000 0.4800 0.0823
1.0000 0.5000 0.0849
1.0000 0.5200 0.0876
1.0000 0.5400 0.0902
1.0000 0.5600 0.0929
1.0000 0.5800 0.0956
1.2000 0.1600 0.0470
1.2000 0.1800 0.0463
1.2000 0.2000 0.0468
1.2000 0.2200 0.0480
1.2000 0.2400 0.0495
1.2000 0.2600 0.0512
1.2000 0.2800 0.0532
1.2000 0.3000 0.0553
1.2000 0.3200 0.0574
1.2000 0.3400 0.0596
1.2000 0.3600 0.0619
1.2000 0.3800 0.0642
1.2000 0.4000 0.0666
1.2000 0.4200 0.0690
1.2000 0.4400 0.0714
1.2000 0.4600 0.0738
1.2000 0.4800 0.0762
1.2000 0.5000 0.0787
1.2000 0.5200 0.0812
1.2000 0.5400 0.0836
1.2000 0.5600 0.0861
1.2000 0.5800 0.0886
1.4000 0.1600 0.0434
1.4000 0.1800 0.0428
1.4000 0.2000 0.0433
1.4000 0.2200 0.0443
1.4000 0.2400 0.0457
1.4000 0.2600 0.0474
1.4000 0.2800 0.0492
1.4000 0.3000 0.0511
1.4000 0.3200 0.0531
1.4000 0.3400 0.0552
1.4000 0.3600 0.0573
1.4000 0.3800 0.0594
1.4000 0.4000 0.0616
1.4000 0.4200 0.0638
1.4000 0.4400 0.0661
1.4000 0.4600 0.0683
1.4000 0.4800 0.0706
1.4000 0.5000 0.0728
1.4000 0.5200 0.0751
1.4000 0.5400 0.0774
1.4000 0.5600 0.0797
1.4000 0.5800 0.0820
1.6000 0.1600 0.0400
1.6000 0.1800 0.0395
1.6000 0.2000 0.0400
1.6000 0.2200 0.0410
1.6000 0.2400 0.0423
1.6000 0.2600 0.0439
1.6000 0.2800 0.0455
1.6000 0.3000 0.0473
1.6000 0.3200 0.0492
1.6000 0.3400 0.0511
1.6000 0.3600 0.0530
1.6000 0.3800 0.0550
1.6000 0.4000 0.0571
1.6000 0.4200 0.0591
1.6000 0.4400 0.0612
1.6000 0.4600 0.0633
1.6000 0.4800 0.0654
1.6000 0.5000 0.0675
1.6000 0.5200 0.0696
1.6000 0.5400 0.0717
1.6000 0.5600 0.0739
1.6000 0.5800 0.0760
1.8000 0.1600 0.0370
1.8000 0.1800 0.0366
1.8000 0.2000 0.0370
1.8000 0.2200 0.0380
1.8000 0.2400 0.0392
1.8000 0.2600 0.0407
1.8000 0.2800 0.0422
1.8000 0.3000 0.0439
1.8000 0.3200 0.0456
1.8000 0.3400 0.0474
1.8000 0.3600 0.0492
1.8000 0.3800 0.0511
1.8000 0.4000 0.0529
1.8000 0.4200 0.0548
1.8000 0.4400 0.0568
1.8000 0.4600 0.0587
1.8000 0.4800 0.0607
1.8000 0.5000 0.0626
1.8000 0.5200 0.0646
1.8000 0.5400 0.0666
1.8000 0.5600 0.0685
1.8000 0.5800 0.0705
2.0000 0.1600 0.0343
2.0000 0.1800 0.0339
2.0000 0.2000 0.0344
2.0000 0.2200 0.0353
2.0000 0.2400 0.0364
2.0000 0.2600 0.0378
2.0000 0.2800 0.0392
2.0000 0.3000 0.0408
2.0000 0.3200 0.0424
2.0000 0.3400 0.0441
2.0000 0.3600 0.0458
2.0000 0.3800 0.0475
2.0000 0.4000 0.0492
2.0000 0.4200 0.0510
2.0000 0.4400 0.0528
2.0000 0.4600 0.0546
2.0000 0.4800 0.0564
2.0000 0.5000 0.0583
2.0000 0.5200 0.0601
2.0000 0.5400 0.0619
2.0000 0.5600 0.0638
2.0000 0.5800 0.0656
2.2000 0.1600 0.0319
2.2000 0.1800 0.0316
2.2000 0.2000 0.0320
2.2000 0.2200 0.0329
2.2000 0.2400 0.0339
2.2000 0.2600 0.0352
2.2000 0.2800 0.0366
2.2000 0.3000 0.0380
2.2000 0.3200 0.0395
2.2000 0.3400 0.0411
2.2000 0.3600 0.0427
2.2000 0.3800 0.0443
2.2000 0.4000 0.0459
2.2000 0.4200 0.0476
2.2000 0.4400 0.0493
2.2000 0.4600 0.0509
2.2000 0.4800 0.0526
2.2000 0.5000 0.0544
2.2000 0.5200 0.0561
2.2000 0.5400 0.0578
2.2000 0.5600 0.0595
2.2000 0.5800 0.0613
2.4000 0.1600 0.0297
2.4000 0.1800 0.0295
2.4000 0.2000 0.0299
2.4000 0.2200 0.0307
2.4000 0.2400 0.0317
2.4000 0.2600 0.0329
2.4000 0.2800 0.0342
2.4000 0.3000 0.0356
2.4000 0.3200 0.0370
2.4000 0.3400 0.0384
2.4000 0.3600 0.0399
2.4000 0.3800 0.0414
2.4000 0.4000 0.0430
2.4000 0.4200 0.0445
2.4000 0.4400 0.0461
2.4000 0.4600 0.0477
2.4000 0.4800 0.0493
2.4000 0.5000 0.0509
2.4000 0.5200 0.0525
2.4000 0.5400 0.0541
2.4000 0.5600 0.0557
2.4000 0.5800 0.0573
2.6000 0.1600 0.0278
2.6000 0.1800 0.0276
2.6000 0.2000 0.0280
2.6000 0.2200 0.0288
2.6000 0.2400 0.0297
2.6000 0.2600 0.0309
2.6000 0.2800 0.0321
2.6000 0.3000 0.0334
2.6000 0.3200 0.0347
2.6000 0.3400 0.0361
2.6000 0.3600 0.0375
2.6000 0.3800 0.0389
2.6000 0.4000 0.0403
2.6000 0.4200 0.0418
2.6000 0.4400 0.0433
2.6000 0.4600 0.0448
2.6000 0.4800 0.0463
2.6000 0.5000 0.0478
2.6000 0.5200 0.0493
2.6000 0.5400 0.0508
2.6000 0.5600 0.0523
2.6000 0.5800 0.0538
2.8000 0.1600 0.0261
2.8000 0.1800 0.0259
2.8000 0.2000 0.0263
2.8000 0.2200 0.0270
2.8000 0.2400 0.0280
2.8000 0.2600 0.0290
2.8000 0.2800 0.0302
2.8000 0.3000 0.0314
2.8000 0.3200 0.0326
2.8000 0.3400 0.0339
2.8000 0.3600 0.0353
2.8000 0.3800 0.0366
2.8000 0.4000 0.0380
2.8000 0.4200 0.0394
2.8000 0.4400 0.0407
2.8000 0.4600 0.0421
2.8000 0.4800 0.0436
2.8000 0.5000 0.0450
2.8000 0.5200 0.0464
2.8000 0.5400 0.0478
2.8000 0.5600 0.0493
2.8000 0.5800 0.0507
3.0000 0.1600 0.0246
3.0000 0.1800 0.0244
3.0000 0.2000 0.0248
3.0000 0.2200 0.0255
3.0000 0.2400 0.0264
3.0000 0.2600 0.0274
3.0000 0.2800 0.0285
3.0000 0.3000 0.0296
3.0000 0.3200 0.0308
3.0000 0.3400 0.0320
3.0000 0.3600 0.0333
3.0000 0.3800 0.0346
3.0000 0.4000 0.0358
3.0000 0.4200 0.0372
3.0000 0.4400 0.0385
3.0000 0.4600 0.0398
3.0000 0.4800 0.0411
3.0000 0.5000 0.0425
3.0000 0.5200 0.0438
3.0000 0.5400 0.0452
3.0000 0.5600 0.0465
3.0000 0.5800 0.0479
3.2000 0.1600 0.0232
3.2000 0.1800 0.0230
3.2000 0.2000 0.0234
3.2000 0.2200 0.0241
3.2000 0.2400 0.0249
3.2000 0.2600 0.0259
3.2000 0.2800 0.0269
3.2000 0.3000 0.0280
3.2000 0.3200 0.0291
3.2000 0.3400 0.0303
3.2000 0.3600 0.0315
3.2000 0.3800 0.0327
3.2000 0.4000 0.0339
3.2000 0.4200 0.0352
3.2000 0.4400 0.0364
3.2000 0.4600 0.0377
3.2000 0.4800 0.0389
3.2000 0.5000 0.0402
3.2000 0.5200 0.0415
3.2000 0.5400 0.0428
3.2000 0.5600 0.0440
3.2000 0.5800 0.0453
3.4000 0.1600 0.0219
3.4000 0.1800 0.0218
3.4000 0.2000 0.0222
3.4000 0.2200 0.0228
3.4000 0.2400 0.0236
3.4000 0.2600 0.0245
3.4000 0.2800 0.0255
3.4000 0.3000 0.0266
3.4000 0.3200 0.0276
3.4000 0.3400 0.0287
3.4000 0.3600 0.0299
3.4000 0.3800 0.0310
3.4000 0.4000 0.0322
3.4000 0.4200 0.0334
3.4000 0.4400 0.0345
3.4000 0.4600 0.0357
3.4000 0.4800 0.0369
3.4000 0.5000 0.0381
3.4000 0.5200 0.0394
3.4000 0.5400 0.0406
3.4000 0.5600 0.0418
3.4000 0.5800 0.0430
3.6000 0.1600 0.0207
3.6000 0.1800 0.0207
3.6000 0.2000 0.0210
3.6000 0.2200 0.0217
3.6000 0.2400 0.0224
3.6000 0.2600 0.0233
3.6000 0.2800 0.0243
3.6000 0.3000 0.0252
3.6000 0.3200 0.0263
3.6000 0.3400 0.0273
3.6000 0.3600 0.0284
3.6000 0.3800 0.0295
3.6000 0.4000 0.0306
3.6000 0.4200 0.0317
3.6000 0.4400 0.0329
3.6000 0.4600 0.0340
3.6000 0.4800 0.0351
3.6000 0.5000 0.0363
3.6000 0.5200 0.0374
3.6000 0.5400 0.0386
3.6000 0.5600 0.0398
3.6000 0.5800 0.0409
3.8000 0.1600 0.0197
3.8000 0.1800 0.0196
3.8000 0.2000 0.0200
3.8000 0.2200 0.0206
3.8000 0.2400 0.0214
3.8000 0.2600 0.0222
3.8000 0.2800 0.0231
3.8000 0.3000 0.0240
3.8000 0.3200 0.0250
3.8000 0.3400 0.0260
3.8000 0.3600 0.0271
3.8000 0.3800 0.0281
3.8000 0.4000 0.0292
3.8000 0.4200 0.0302
3.8000 0.4400 0.0313
3.8000 0.4600 0.0324
3.8000 0.4800 0.0335
3.8000 0.5000 0.0346
3.8000 0.5200 0.0357
3.8000 0.5400 0.0368
3.8000 0.5600 0.0379
3.8000 0.5800 0.0390
4.0000 0.1600 0.0187
4.0000 0.1800 0.0187
4.0000 0.2000 0.0191
4.0000 0.2200 0.0197
4.0000 0.2400 0.0204
4.0000 0.2600 0.0212
4.0000 0.2800 0.0220
4.0000 0.3000 0.0229
4.0000 0.3200 0.0239
4.0000 0.3400 0.0248
4.0000 0.3600 0.0258
4.0000 0.3800 0.0268
4.0000 0.4000 0.0278
4.0000 0.4200 0.0289
4.0000 0.4400 0.0299
4.0000 0.4600 0.0309
4.0000 0.4800 0.0320
4.0000 0.5000 0.0330
4.0000 0.5200 0.0341
4.0000 0.5400 0.0351
4.0000 0.5600 0.0362
4.0000 0.5800 0.0373
4.2000 0.1600 0.0179
4.2000 0.1800 0.0178
4.2000 0.2000 0.0182
4.2000 0.2200 0.0188
4.2000 0.2400 0.0195
4.2000 0.2600 0.0202
4.2000 0.2800 0.0211
4.2000 0.3000 0.0219
4.2000 0.3200 0.0228
4.2000 0.3400 0.0238
4.2000 0.3600 0.0247
4.2000 0.3800 0.0257
4.2000 0.4000 0.0266
4.2000 0.4200 0.0276
4.2000 0.4400 0.0286
4.2000 0.4600 0.0296
4.2000 0.4800 0.0306
4.2000 0.5000 0.0316
4.2000 0.5200 0.0326
4.2000 0.5400 0.0336
4.2000 0.5600 0.0347
4.2000 0.5800 0.0357
4.4000 0.1600 0.0170
4.4000 0.1800 0.0171
4.4000 0.2000 0.0174
4.4000 0.2200 0.0180
4.4000 0.2400 0.0186
4.4000 0.2600 0.0194
4.4000 0.2800 0.0202
4.4000 0.3000 0.0210
4.4000 0.3200 0.0219
4.4000 0.3400 0.0228
4.4000 0.3600 0.0237
4.4000 0.3800 0.0246
4.4000 0.4000 0.0255
4.4000 0.4200 0.0265
4.4000 0.4400 0.0274
4.4000 0.4600 0.0284
4.4000 0.4800 0.0293
4.4000 0.5000 0.0303
4.4000 0.5200 0.0313
4.4000 0.5400 0.0323
4.4000 0.5600 0.0332
4.4000 0.5800 0.0342
4.6000 0.1600 0.0163
4.6000 0.1800 0.0163
4.6000 0.2000 0.0167
4.6000 0.2200 0.0172
4.6000 0.2400 0.0179
4.6000 0.2600 0.0186
4.6000 0.2800 0.0193
4.6000 0.3000 0.0202
4.6000 0.3200 0.0210
4.6000 0.3400 0.0218
4.6000 0.3600 0.0227
4.6000 0.3800 0.0236
4.6000 0.4000 0.0245
4.6000 0.4200 0.0254
4.6000 0.4400 0.0263
4.6000 0.4600 0.0272
4.6000 0.4800 0.0282
4.6000 0.5000 0.0291
4.6000 0.5200 0.0300
4.6000 0.5400 0.0310
4.6000 0.5600 0.0319
4.6000 0.5800 0.0329
4.8000 0.1600 0.0156
4.8000 0.1800 0.0156
4.8000 0.2000 0.0160
4.8000 0.2200 0.0165
4.8000 0.2400 0.0171
4.8000 0.2600 0.0178
4.8000 0.2800 0.0186
4.8000 0.3000 0.0194
4.8000 0.3200 0.0202
4.8000 0.3400 0.0210
4.8000 0.3600 0.0218
4.8000 0.3800 0.0227
4.8000 0.4000 0.0236
4.8000 0.4200 0.0244
4.8000 0.4400 0.0253
4.8000 0.4600 0.0262
4.8000 0.4800 0.0271
4.8000 0.5000 0.0280
4.8000 0.5200 0.0289
4.8000 0.5400 0.0298
4.8000 0.5600 0.0307
4.8000 0.5800 0.0316
5.0000 0.1600 0.0150
5.0000 0.1800 0.0150
5.0000 0.2000 0.0154
5.0000 0.2200 0.0159
5.0000 0.2400 0.0165
5.0000 0.2600 0.0172
5.0000 0.2800 0.0179
5.0000 0.3000 0.0186
5.0000 0.3200 0.0194
5.0000 0.3400 0.0202
5.0000 0.3600 0.0210
5.0000 0.3800 0.0218
5.0000 0.4000 0.0227
5.0000 0.4200 0.0235
5.0000 0.4400 0.0244
5.0000 0.4600 0.0252
5.0000 0.4800 0.0261
5.0000 0.5000 0.0270
5.0000 0.5200 0.0278
5.0000 0.5400 0.0287
5.0000 0.5600 0.0296
5.0000 0.5800 0.0304
5.2000 0.1600 0.0144
5.2000 0.1800 0.0144
5.2000 0.2000 0.0148
5.2000 0.2200 0.0153
5.2000 0.2400 0.0159
5.2000 0.2600 0.0165
5.2000 0.2800 0.0172
5.2000 0.3000 0.0179
5.2000 0.3200 0.0187
5.2000 0.3400 0.0195
5.2000 0.3600 0.0203
5.2000 0.3800 0.0211
5.2000 0.4000 0.0219
5.2000 0.4200 0.0227
5.2000 0.4400 0.0235
5.2000 0.4600 0.0243
5.2000 0.4800 0.0252
5.2000 0.5000 0.0260
5.2000 0.5200 0.0268
5.2000 0.5400 0.0277
5.2000 0.5600 0.0285
5.2000 0.5800 0.0294
5.4000 0.1600 0.0138
5.4000 0.1800 0.0139
5.4000 0.2000 0.0142
5.4000 0.2200 0.0147
5.4000 0.2400 0.0153
5.4000 0.2600 0.0159
5.4000 0.2800 0.0166
5.4000 0.3000 0.0173
5.4000 0.3200 0.0180
5.4000 0.3400 0.0188
5.4000 0.3600 0.0196
5.4000 0.3800 0.0203
5.4000 0.4000 0.0211
5.4000 0.4200 0.0219
5.4000 0.4400 0.0227
5.4000 0.4600 0.0235
5.4000 0.4800 0.0243
5.4000 0.5000 0.0251
5.4000 0.5200 0.0259
5.4000 0.5400 0.0267
5.4000 0.5600 0.0275
5.4000 0.5800 0.0284
5.6000 0.1600 0.0133
5.6000 0.1800 0.0134
5.6000 0.2000 0.0137
5.6000 0.2200 0.0142
5.6000 0.2400 0.0148
5.6000 0.2600 0.0154
5.6000 0.2800 0.0160
5.6000 0.3000 0.0167
5.6000 0.3200 0.0174
5.6000 0.3400 0.0182
5.6000 0.3600 0.0189
5.6000 0.3800 0.0196
5.6000 0.4000 0.0204
5.6000 0.4200 0.0212
5.6000 0.4400 0.0219
5.6000 0.4600 0.0227
5.6000 0.4800 0.0235
5.6000 0.5000 0.0243
5.6000 0.5200 0.0251
5.6000 0.5400 0.0258
5.6000 0.5600 0.0266
5.6000 0.5800 0.0274
5.8000 0.1600 0.0128
5.8000 0.1800 0.0129
5.8000 0.2000 0.0133
5.8000 0.2200 0.0137
5.8000 0.2400 0.0143
5.8000 0.2600 0.0149
5.8000 0.2800 0.0155
5.8000 0.3000 0.0162
5.8000 0.3200 0.0169
5.8000 0.3400 0.0176
5.8000 0.3600 0.0183
5.8000 0.3800 0.0190
5.8000 0.4000 0.0197
5.8000 0.4200 0.0205
5.8000 0.4400 0.0212
5.8000 0.4600 0.0220
5.8000 0.4800 0.0227
5.8000 0.5000 0.0235
5.8000 0.5200 0.0243
5.8000 0.5400 0.0250
5.8000 0.5600 0.0258
5.8000 0.5800 0.0265
6.0000 0.1600 0.0124
6.0000 0.1800 0.0125
6.0000 0.2000 0.0128
6.0000 0.2200 0.0133
6.0000 0.2400 0.0138
6.0000 0.2600 0.0144
6.0000 0.2800 0.0150
6.0000 0.3000 0.0157
6.0000 0.3200 0.0163
6.0000 0.3400 0.0170
6.0000 0.3600 0.0177
6.0000 0.3800 0.0184
6.0000 0.4000 0.0191
6.0000 0.4200 0.0198
6.0000 0.4400 0.0206
6.0000 0.4600 0.0213
6.0000 0.4800 0.0220
6.0000 0.5000 0.0228
6.0000 0.5200 0.0235
6.0000 0.5400 0.0242
6.0000 0.5600 0.0250
6.0000 0.5800 0.0257
6.2000 0.1600 0.0119
6.2000 0.1800 0.0121
6.2000 0.2000 0.0124
6.2000 0.2200 0.0128
6.2000 0.2400 0.0134
6.2000 0.2600 0.0139
6.2000 0.2800 0.0145
6.2000 0.3000 0.0152
6.2000 0.3200 0.0158
6.2000 0.3400 0.0165
6.2000 0.3600 0.0172
6.2000 0.3800 0.0178
6.2000 0.4000 0.0185
6.2000 0.4200 0.0192
6.2000 0.4400 0.0199
6.2000 0.4600 0.0207
6.2000 0.4800 0.0214
6.2000 0.5000 0.0221
6.2000 0.5200 0.0228
6.2000 0.5400 0.0235
6.2000 0.5600 0.0242
6.2000 0.5800 0.0250
6.4000 0.1600 0.0115
6.4000 0.1800 0.0117
6.4000 0.2000 0.0120
6.4000 0.2200 0.0124
6.4000 0.2400 0.0129
6.4000 0.2600 0.0135
6.4000 0.2800 0.0141
6.4000 0.3000 0.0147
6.4000 0.3200 0.0153
6.4000 0.3400 0.0160
6.4000 0.3600 0.0167
6.4000 0.3800 0.0173
6.4000 0.4000 0.0180
6.4000 0.4200 0.0187
6.4000 0.4400 0.0194
6.4000 0.4600 0.0200
6.4000 0.4800 0.0207
6.4000 0.5000 0.0214
6.4000 0.5200 0.0221
6.4000 0.5400 0.0228
6.4000 0.5600 0.0235
6.4000 0.5800 0.0242
6.6000 0.1600 0.0111
6.6000 0.1800 0.0113
6.6000 0.2000 0.0116
6.6000 0.2200 0.0121
6.6000 0.2400 0.0126
6.6000 0.2600 0.0131
6.6000 0.2800 0.0137
6.6000 0.3000 0.0143
6.6000 0.3200 0.0149
6.6000 0.3400 0.0155
6.6000 0.3600 0.0162
6.6000 0.3800 0.0168
6.6000 0.4000 0.0175
6.6000 0.4200 0.0181
6.6000 0.4400 0.0188
6.6000 0.4600 0.0195
6.6000 0.4800 0.0201
6.6000 0.5000 0.0208
6.6000 0.5200 0.0215
6.6000 0.5400 0.0222
6.6000 0.5600 0.0229
6.6000 0.5800 0.0236
6.8000 0.1600 0.0108
6.8000 0.1800 0.0109
6.8000 0.2000 0.0113
6.8000 0.2200 0.0117
6.8000 0.2400 0.0122
6.8000 0.2600 0.0127
6.8000 0.2800 0.0133
6.8000 0.3000 0.0139
6.8000 0.3200 0.0145
6.8000 0.3400 0.0151
6.8000 0.3600 0.0157
6.8000 0.3800 0.0164
6.8000 0.4000 0.0170
6.8000 0.4200 0.0176
6.8000 0.4400 0.0183
6.8000 0.4600 0.0189
6.8000 0.4800 0.0196
6.8000 0.5000 0.0203
6.8000 0.5200 0.0209
6.8000 0.5400 0.0216
6.8000 0.5600 0.0222
6.8000 0.5800 0.0229
7.0000 0.1600 0.0104
7.0000 0.1800 0.0106
7.0000 0.2000 0.0109
7.0000 0.2200 0.0114
7.0000 0.2400 0.0118
7.0000 0.2600 0.0124
7.0000 0.2800 0.0129
7.0000 0.3000 0.0135
7.0000 0.3200 0.0141
7.0000 0.3400 0.0147
7.0000 0.3600 0.0153
7.0000 0.3800 0.0159
7.0000 0.4000 0.0165
7.0000 0.4200 0.0172
7.0000 0.4400 0.0178
7.0000 0.4600 0.0184
7.0000 0.4800 0.0191
7.0000 0.5000 0.0197
7.0000 0.5200 0.0204
7.0000 0.5400 0.0210
7.0000 0.5600 0.0217
7.0000 0.5800 0.0223
7.2000 0.1600 0.0101
7.2000 0.1800 0.0103
7.2000 0.2000 0.0106
7.2000 0.2200 0.0110
7.2000 0.2400 0.0115
7.2000 0.2600 0.0120
7.2000 0.2800 0.0126
7.2000 0.3000 0.0131
7.2000 0.3200 0.0137
7.2000 0.3400 0.0143
7.2000 0.3600 0.0149
7.2000 0.3800 0.0155
7.2000 0.4000 0.0161
7.2000 0.4200 0.0167
7.2000 0.4400 0.0173
7.2000 0.4600 0.0180
7.2000 0.4800 0.0186
7.2000 0.5000 0.0192
7.2000 0.5200 0.0198
7.2000 0.5400 0.0205
7.2000 0.5600 0.0211
7.2000 0.5800 0.0217
7.4000 0.1600 0.0098
7.4000 0.1800 0.0100
7.4000 0.2000 0.0103
7.4000 0.2200 0.0107
7.4000 0.2400 0.0112
7.4000 0.2600 0.0117
7.4000 0.2800 0.0122
7.4000 0.3000 0.0128
7.4000 0.3200 0.0133
7.4000 0.3400 0.0139
7.4000 0.3600 0.0145
7.4000 0.3800 0.0151
7.4000 0.4000 0.0157
7.4000 0.4200 0.0163
7.4000 0.4400 0.0169
7.4000 0.4600 0.0175
7.4000 0.4800 0.0181
7.4000 0.5000 0.0187
7.4000 0.5200 0.0193
7.4000 0.5400 0.0200
7.4000 0.5600 0.0206
7.4000 0.5800 0.0212
7.6000 0.1600 0.0095
7.6000 0.1800 0.0097
7.6000 0.2000 0.0100
7.6000 0.2200 0.0104
7.6000 0.2400 0.0109
7.6000 0.2600 0.0114
7.6000 0.2800 0.0119
7.6000 0.3000 0.0125
7.6000 0.3200 0.0130
7.6000 0.3400 0.0136
7.6000 0.3600 0.0141
7.6000 0.3800 0.0147
7.6000 0.4000 0.0153
7.6000 0.4200 0.0159
7.6000 0.4400 0.0165
7.6000 0.4600 0.0171
7.6000 0.4800 0.0177
7.6000 0.5000 0.0183
7.6000 0.5200 0.0189
7.6000 0.5400 0.0195
7.6000 0.5600 0.0201
7.6000 0.5800 0.0207
7.8000 0.1600 0.0093
7.8000 0.1800 0.0095
7.8000 0.2000 0.0098
7.8000 0.2200 0.0102
7.8000 0.2400 0.0106
7.8000 0.2600 0.0111
7.8000 0.2800 0.0116
7.8000 0.3000 0.0121
7.8000 0.3200 0.0127
7.8000 0.3400 0.0132
7.8000 0.3600 0.0138
7.8000 0.3800 0.0144
7.8000 0.4000 0.0149
7.8000 0.4200 0.0155
7.8000 0.4400 0.0161
7.8000 0.4600 0.0167
7.8000 0.4800 0.0173
7.8000 0.5000 0.0178
7.8000 0.5200 0.0184
7.8000 0.5400 0.0190
7.8000 0.5600 0.0196
7.8000 0.5800 0.0202
8.0000 0.1600 0.0090
8.0000 0.1800 0.0092
8.0000 0.2000 0.0095
8.0000 0.2200 0.0099
8.0000 0.2400 0.0104
8.0000 0.2600 0.0108
8.0000 0.2800 0.0113
8.0000 0.3000 0.0119
8.0000 0.3200 0.0124
8.0000 0.3400 0.0129
8.0000 0.3600 0.0135
8.0000 0.3800 0.0140
8.0000 0.4000 0.0146
8.0000 0.4200 0.0151
8.0000 0.4400 0.0157
8.0000 0.4600 0.0163
8.0000 0.4800 0.0169
8.0000 0.5000 0.0174
8.0000 0.5200 0.0180
8.0000 0.5400 0.0186
8.0000 0.5600 0.0192
8.0000 0.5800 0.0197
8.2000 0.1600 0.0088
8.2000 0.1800 0.0090
8.2000 0.2000 0.0093
8.2000 0.2200 0.0097
8.2000 0.2400 0.0101
8.2000 0.2600 0.0106
8.2000 0.2800 0.0111
8.2000 0.3000 0.0116
8.2000 0.3200 0.0121
8.2000 0.3400 0.0126
8.2000 0.3600 0.0132
8.2000 0.3800 0.0137
8.2000 0.4000 0.0142
8.2000 0.4200 0.0148
8.2000 0.4400 0.0154
8.2000 0.4600 0.0159
8.2000 0.4800 0.0165
8.2000 0.5000 0.0170
8.2000 0.5200 0.0176
8.2000 0.5400 0.0182
8.2000 0.5600 0.0187
8.2000 0.5800 0.0193
8.4000 0.1600 0.0085
8.4000 0.1800 0.0087
8.4000 0.2000 0.0090
8.4000 0.2200 0.0094
8.4000 0.2400 0.0099
8.4000 0.2600 0.0103
8.4000 0.2800 0.0108
8.4000 0.3000 0.0113
8.4000 0.3200 0.0118
8.4000 0.3400 0.0123
8.4000 0.3600 0.0129
8.4000 0.3800 0.0134
8.4000 0.4000 0.0139
8.4000 0.4200 0.0145
8.4000 0.4400 0.0150
8.4000 0.4600 0.0156
8.4000 0.4800 0.0161
8.4000 0.5000 0.0167
8.4000 0.5200 0.0172
8.4000 0.5400 0.0178
8.4000 0.5600 0.0183
8.4000 0.5800 0.0189
8.6000 0.1600 0.0083
8.6000 0.1800 0.0085
8.6000 0.2000 0.0088
8.6000 0.2200 0.0092
8.6000 0.2400 0.0096
8.6000 0.2600 0.0101
8.6000 0.2800 0.0106
8.6000 0.3000 0.0111
8.6000 0.3200 0.0116
8.6000 0.3400 0.0121
8.6000 0.3600 0.0126
8.6000 0.3800 0.0131
8.6000 0.4000 0.0136
8.6000 0.4200 0.0142
8.6000 0.4400 0.0147
8.6000 0.4600 0.0152
8.6000 0.4800 0.0158
8.6000 0.5000 0.0163
8.6000 0.5200 0.0169
8.6000 0.5400 0.0174
8.6000 0.5600 0.0179
8.6000 0.5800 0.0185
8.8000 0.1600 0.0081
8.8000 0.1800 0.0083
8.8000 0.2000 0.0086
8.8000 0.2200 0.0090
8.8000 0.2400 0.0094
8.8000 0.2600 0.0099
8.8000 0.2800 0.0103
8.8000 0.3000 0.0108
8.8000 0.3200 0.0113
8.8000 0.3400 0.0118
8.8000 0.3600 0.0123
8.8000 0.3800 0.0128
8.8000 0.4000 0.0133
8.8000 0.4200 0.0139
8.8000 0.4400 0.0144
8.8000 0.4600 0.0149
8.8000 0.4800 0.0154
8.8000 0.5000 0.0160
8.8000 0.5200 0.0165
8.8000 0.5400 0.0170
8.8000 0.5600 0.0176
8.8000 0.5800 0.0181
9.0000 0.1600 0.0079
9.0000 0.1800 0.0081
9.0000 0.2000 0.0084
9.0000 0.2200 0.0088
9.0000 0.2400 0.0092
9.0000 0.2600 0.0096
9.0000 0.2800 0.0101
9.0000 0.3000 0.0106
9.0000 0.3200 0.0111
9.0000 0.3400 0.0116
9.0000 0.3600 0.0121
9.0000 0.3800 0.0126
9.0000 0.4000 0.0131
9.0000 0.4200 0.0136
9.0000 0.4400 0.0141
9.0000 0.4600 0.0146
9.0000 0.4800 0.0151
9.0000 0.5000 0.0157
9.0000 0.5200 0.0162
9.0000 0.5400 0.0167
9.0000 0.5600 0.0172
9.0000 0.5800 0.0178
9.2000 0.1600 0.0077
9.2000 0.1800 0.0079
9.2000 0.2000 0.0082
9.2000 0.2200 0.0086
9.2000 0.2400 0.0090
9.2000 0.2600 0.0094
9.2000 0.2800 0.0099
9.2000 0.3000 0.0104
9.2000 0.3200 0.0108
9.2000 0.3400 0.0113
9.2000 0.3600 0.0118
9.2000 0.3800 0.0123
9.2000 0.4000 0.0128
9.2000 0.4200 0.0133
9.2000 0.4400 0.0138
9.2000 0.4600 0.0143
9.2000 0.4800 0.0148
9.2000 0.5000 0.0153
9.2000 0.5200 0.0159
9.2000 0.5400 0.0164
9.2000 0.5600 0.0169
9.2000 0.5800 0.0174
9.4000 0.1600 0.0075
9.4000 0.1800 0.0077
9.4000 0.2000 0.0080
9.4000 0.2200 0.0084
9.4000 0.2400 0.0088
9.4000 0.2600 0.0092
9.4000 0.2800 0.0097
9.4000 0.3000 0.0101
9.4000 0.3200 0.0106
9.4000 0.3400 0.0111
9.4000 0.3600 0.0116
9.4000 0.3800 0.0121
9.4000 0.4000 0.0126
9.4000 0.4200 0.0130
9.4000 0.4400 0.0135
9.4000 0.4600 0.0140
9.4000 0.4800 0.0145
9.4000 0.5000 0.0150
9.4000 0.5200 0.0156
9.4000 0.5400 0.0161
9.4000 0.5600 0.0166
9.4000 0.5800 0.0171
9.6000 0.1600 0.0073
9.6000 0.1800 0.0075
9.6000 0.2000 0.0079
9.6000 0.2200 0.0082
9.6000 0.2400 0.0086
9.6000 0.2600 0.0090
9.6000 0.2800 0.0095
9.6000 0.3000 0.0099
9.6000 0.3200 0.0104
9.6000 0.3400 0.0109
9.6000 0.3600 0.0113
9.6000 0.3800 0.0118
9.6000 0.4000 0.0123
9.6000 0.4200 0.0128
9.6000 0.4400 0.0133
9.6000 0.4600 0.0138
9.6000 0.4800 0.0143
9.6000 0.5000 0.0148
9.6000 0.5200 0.0153
9.6000 0.5400 0.0158
9.6000 0.5600 0.0163
9.6000 0.5800 0.0168
9.8000 0.1600 0.0071
9.8000 0.1800 0.0074
9.8000 0.2000 0.0077
9.8000 0.2200 0.0081
9.8000 0.2400 0.0084
9.8000 0.2600 0.0089
9.8000 0.2800 0.0093
9.8000 0.3000 0.0097
9.8000 0.3200 0.0102
9.8000 0.3400 0.0107
9.8000 0.3600 0.0111
9.8000 0.3800 0.0116
9.8000 0.4000 0.0121
9.8000 0.4200 0.0126
9.8000 0.4400 0.0130
9.8000 0.4600 0.0135
9.8000 0.4800 0.0140
9.8000 0.5000 0.0145
9.8000 0.5200 0.0150
9.8000 0.5400 0.0155
9.8000 0.5600 0.0160
9.8000 0.5800 0.0165
10.0000 0.1600 0.0070
10.0000 0.1800 0.0072
10.0000 0.2000 0.0075
10.0000 0.2200 0.0079
10.0000 0.2400 0.0083
10.0000 0.2600 0.0087
10.0000 0.2800 0.0091
10.0000 0.3000 0.0096
10.0000 0.3200 0.0100
10.0000 0.3400 0.0105
10.0000 0.3600 0.0109
10.0000 0.3800 0.0114
10.0000 0.4000 0.0119
10.0000 0.4200 0.0123
10.0000 0.4400 0.0128
10.0000 0.4600 0.0133
10.0000 0.4800 0.0138
10.0000 0.5000 0.0142
10.0000 0.5200 0.0147
10.0000 0.5400 0.0152
10.0000 0.5600 0.0157
10.0000 0.5800 0.0162
10.2000 0.1600 0.0068
10.2000 0.1800 0.0071
10.2000 0.2000 0.0074
10.2000 0.2200 0.0077
10.2000 0.2400 0.0081
10.2000 0.2600 0.0085
10.2000 0.2800 0.0089
10.2000 0.3000 0.0094
10.2000 0.3200 0.0098
10.2000 0.3400 0.0103
10.2000 0.3600 0.0107
10.2000 0.3800 0.0112
10.2000 0.4000 0.0116
10.2000 0.4200 0.0121
10.2000 0.4400 0.0126
10.2000 0.4600 0.0130
10.2000 0.4800 0.0135
10.2000 0.5000 0.0140
10.2000 0.5200 0.0145
10.2000 0.5400 0.0149
10.2000 0.5600 0.0154
10.2000 0.5800 0.0159
10.4000 0.1600 0.0067
10.4000 0.1800 0.0069
10.4000 0.2000 0.0072
10.4000 0.2200 0.0076
10.4000 0.2400 0.0080
10.4000 0.2600 0.0084
10.4000 0.2800 0.0088
10.4000 0.3000 0.0092
10.4000 0.3200 0.0096
10.4000 0.3400 0.0101
10.4000 0.3600 0.0105
10.4000 0.3800 0.0110
10.4000 0.4000 0.0114
10.4000 0.4200 0.0119
10.4000 0.4400 0.0124
10.4000 0.4600 0.0128
10.4000 0.4800 0.0133
10.4000 0.5000 0.0137
10.4000 0.5200 0.0142
10.4000 0.5400 0.0147
10.4000 0.5600 0.0151
10.4000 0.5800 0.0156
10.6000 0.1600 0.0065
10.6000 0.1800 0.0068
10.6000 0.2000 0.0071
10.6000 0.2200 0.0074
10.6000 0.2400 0.0078
10.6000 0.2600 0.0082
10.6000 0.2800 0.0086
10.6000 0.3000 0.0090
10.6000 0.3200 0.0095
10.6000 0.3400 0.0099
10.6000 0.3600 0.0104
10.6000 0.3800 0.0108
10.6000 0.4000 0.0112
10.6000 0.4200 0.0117
10.6000 0.4400 0.0121
10.6000 0.4600 0.0126
10.6000 0.4800 0.0131
10.6000 0.5000 0.0135
10.6000 0.5200 0.0140
10.6000 0.5400 0.0144
10.6000 0.5600 0.0149
10.6000 0.5800 0.0154
10.8000 0.1600 0.0064
10.8000 0.1800 0.0066
10.8000 0.2000 0.0069
10.8000 0.2200 0.0073
10.8000 0.2400 0.0077
10.8000 0.2600 0.0081
10.8000 0.2800 0.0085
10.8000 0.3000 0.0089
10.8000 0.3200 0.0093
10.8000 0.3400 0.0097
10.8000 0.3600 0.0102
10.8000 0.3800 0.0106
10.8000 0.4000 0.0111
10.8000 0.4200 0.0115
10.8000 0.4400 0.0119
10.8000 0.4600 0.0124
10.8000 0.4800 0.0128
10.8000 0.5000 0.0133
10.8000 0.5200 0.0137
10.8000 0.5400 0.0142
10.8000 0.5600 0.0147
10.8000 0.5800 0.0151
11.0000 0.1600 0.0062
11.0000 0.1800 0.0065
11.0000 0.2000 0.0068
11.0000 0.2200 0.0071
11.0000 0.2400 0.0075
11.0000 0.2600 0.0079
11.0000 0.2800 0.0083
11.0000 0.3000 0.0087
11.0000 0.3200 0.0091
11.0000 0.3400 0.0096
11.0000 0.3600 0.0100
11.0000 0.3800 0.0104
11.0000 0.4000 0.0109
11.0000 0.4200 0.0113
11.0000 0.4400 0.0118
11.0000 0.4600 0.0122
11.0000 0.4800 0.0126
11.0000 0.5000 0.0131
11.0000 0.5200 0.0135
11.0000 0.5400 0.0140
11.0000 0.5600 0.0144
11.0000 0.5800 0.0149
11.2000 0.1600 0.0061
11.2000 0.1800 0.0064
11.2000 0.2000 0.0067
11.2000 0.2200 0.0070
11.2000 0.2400 0.0074
11.2000 0.2600 0.0078
11.2000 0.2800 0.0082
11.2000 0.3000 0.0086
11.2000 0.3200 0.0090
11.2000 0.3400 0.0094
11.2000 0.3600 0.0098
11.2000 0.3800 0.0103
11.2000 0.4000 0.0107
11.2000 0.4200 0.0111
11.2000 0.4400 0.0116
11.2000 0.4600 0.0120
11.2000 0.4800 0.0124
11.2000 0.5000 0.0129
11.2000 0.5200 0.0133
11.2000 0.5400 0.0138
11.2000 0.5600 0.0142
11.2000 0.5800 0.0146
11.4000 0.1600 0.0060
11.4000 0.1800 0.0062
11.4000 0.2000 0.0065
11.4000 0.2200 0.0069
11.4000 0.2400 0.0073
11.4000 0.2600 0.0076
11.4000 0.2800 0.0080
11.4000 0.3000 0.0084
11.4000 0.3200 0.0088
11.4000 0.3400 0.0093
11.4000 0.3600 0.0097
11.4000 0.3800 0.0101
11.4000 0.4000 0.0105
11.4000 0.4200 0.0110
11.4000 0.4400 0.0114
11.4000 0.4600 0.0118
11.4000 0.4800 0.0123
11.4000 0.5000 0.0127
11.4000 0.5200 0.0131
11.4000 0.5400 0.0136
11.4000 0.5600 0.0140
11.4000 0.5800 0.0144
11.6000 0.1600 0.0059
11.6000 0.1800 0.0061
11.6000 0.2000 0.0064
11.6000 0.2200 0.0068
11.6000 0.2400 0.0071
11.6000 0.2600 0.0075
11.6000 0.2800 0.0079
11.6000 0.3000 0.0083
11.6000 0.3200 0.0087
11.6000 0.3400 0.0091
11.6000 0.3600 0.0095
11.6000 0.3800 0.0099
11.6000 0.4000 0.0104
11.6000 0.4200 0.0108
11.6000 0.4400 0.0112
11.6000 0.4600 0.0116
11.6000 0.4800 0.0121
11.6000 0.5000 0.0125
11.6000 0.5200 0.0129
11.6000 0.5400 0.0134
11.6000 0.5600 0.0138
11.6000 0.5800 0.0142
11.8000 0.1600 0.0057
11.8000 0.1800 0.0060
11.8000 0.2000 0.0063
11.8000 0.2200 0.0066
11.8000 0.2400 0.0070
11.8000 0.2600 0.0074
11.8000 0.2800 0.0078
11.8000 0.3000 0.0082
11.8000 0.3200 0.0086
11.8000 0.3400 0.0090
11.8000 0.3600 0.0094
11.8000 0.3800 0.0098
11.8000 0.4000 0.0102
11.8000 0.4200 0.0106
11.8000 0.4400 0.0110
11.8000 0.4600 0.0115
11.8000 0.4800 0.0119
11.8000 0.5000 0.0123
11.8000 0.5200 0.0127
11.8000 0.5400 0.0132
11.8000 0.5600 0.0136
11.8000 0.5800 0.0140
12.0000 0.1600 0.0056
12.0000 0.1800 0.0059
12.0000 0.2000 0.0062
12.0000 0.2200 0.0065
12.0000 0.2400 0.0069
12.0000 0.2600 0.0073
12.0000 0.2800 0.0077
12.0000 0.3000 0.0080
12.0000 0.3200 0.0084
12.0000 0.3400 0.0088
12.0000 0.3600 0.0092
12.0000 0.3800 0.0096
12.0000 0.4000 0.0101
12.0000 0.4200 0.0105
12.0000 0.4400 0.0109
12.0000 0.4600 0.0113
12.0000 0.4800 0.0117
12.0000 0.5000 0.0121
12.0000 0.5200 0.0126
12.0000 0.5400 0.0130
12.0000 0.5600 0.0134
12.0000 0.5800 0.0138
12.2000 0.1600 0.0055
12.2000 0.1800 0.0058
12.2000 0.2000 0.0061
12.2000 0.2200 0.0064
12.2000 0.2400 0.0068
12.2000 0.2600 0.0072
12.2000 0.2800 0.0075
12.2000 0.3000 0.0079
12.2000 0.3200 0.0083
12.2000 0.3400 0.0087
12.2000 0.3600 0.0091
12.2000 0.3800 0.0095
12.2000 0.4000 0.0099
12.2000 0.4200 0.0103
12.2000 0.4400 0.0107
12.2000 0.4600 0.0111
12.2000 0.4800 0.0116
12.2000 0.5000 0.0120
12.2000 0.5200 0.0124
12.2000 0.5400 0.0128
12.2000 0.5600 0.0132
12.2000 0.5800 0.0136
12.4000 0.1600 0.0054
12.4000 0.1800 0.0057
12.4000 0.2000 0.0060
12.4000 0.2200 0.0063
12.4000 0.2400 0.0067
12.4000 0.2600 0.0070
12.4000 0.2800 0.0074
12.4000 0.3000 0.0078
12.4000 0.3200 0.0082
12.4000 0.3400 0.0086
12.4000 0.3600 0.0090
12.4000 0.3800 0.0094
12.4000 0.4000 0.0098
12.4000 0.4200 0.0102
12.4000 0.4400 0.0106
12.4000 0.4600 0.0110
12.4000 0.4800 0.0114
12.4000 0.5000 0.0118
12.4000 0.5200 0.0122
12.4000 0.5400 0.0126
12.4000 0.5600 0.0130
12.4000 0.5800 0.0134
12.6000 0.1600 0.0053
12.6000 0.1800 0.0056
12.6000 0.2000 0.0059
12.6000 0.2200 0.0062
12.6000 0.2400 0.0066
12.6000 0.2600 0.0069
12.6000 0.2800 0.0073
12.6000 0.3000 0.0077
12.6000 0.3200 0.0081
12.6000 0.3400 0.0085
12.6000 0.3600 0.0088
12.6000 0.3800 0.0092
12.6000 0.4000 0.0096
12.6000 0.4200 0.0100
12.6000 0.4400 0.0104
12.6000 0.4600 0.0108
12.6000 0.4800 0.0112
12.6000 0.5000 0.0116
12.6000 0.5200 0.0120
12.6000 0.5400 0.0125
12.6000 0.5600 0.0129
12.6000 0.5800 0.0133
12.8000 0.1600 0.0052
12.8000 0.1800 0.0055
12.8000 0.2000 0.0058
12.8000 0.2200 0.0061
12.8000 0.2400 0.0065
12.8000 0.2600 0.0068
12.8000 0.2800 0.0072
12.8000 0.3000 0.0076
12.8000 0.3200 0.0080
12.8000 0.3400 0.0083
12.8000 0.3600 0.0087
12.8000 0.3800 0.0091
12.8000 0.4000 0.0095
12.8000 0.4200 0.0099
12.8000 0.4400 0.0103
12.8000 0.4600 0.0107
12.8000 0.4800 0.0111
12.8000 0.5000 0.0115
12.8000 0.5200 0.0119
12.8000 0.5400 0.0123
12.8000 0.5600 0.0127
12.8000 0.5800 0.0131
13.0000 0.1600 0.0051
13.0000 0.1800 0.0054
13.0000 0.2000 0.0057
13.0000 0.2200 0.0060
13.0000 0.2400 0.0064
13.0000 0.2600 0.0067
13.0000 0.2800 0.0071
13.0000 0.3000 0.0075
13.0000 0.3200 0.0078
13.0000 0.3400 0.0082
13.0000 0.3600 0.0086
13.0000 0.3800 0.0090
13.0000 0.4000 0.0094
13.0000 0.4200 0.0098
13.0000 0.4400 0.0102
13.0000 0.4600 0.0106
13.0000 0.4800 0.0109
13.0000 0.5000 0.0113
13.0000 0.5200 0.0117
13.0000 0.5400 0.0121
13.0000 0.5600 0.0125
13.0000 0.5800 0.0129
13.2000 0.1600 0.0050
13.2000 0.1800 0.0053
13.2000 0.2000 0.0056
13.2000 0.2200 0.0059
13.2000 0.2400 0.0063
13.2000 0.2600 0.0066
13.2000 0.2800 0.0070
13.2000 0.3000 0.0074
13.2000 0.3200 0.0077
13.2000 0.3400 0.0081
13.2000 0.3600 0.0085
13.2000 0.3800 0.0089
13.2000 0.4000 0.0093
13.2000 0.4200 0.0096
13.2000 0.4400 0.0100
13.2000 0.4600 0.0104
13.2000 0.4800 0.0108
13.2000 0.5000 0.0112
13.2000 0.5200 0.0116
13.2000 0.5400 0.0120
13.2000 0.5600 0.0124
13.2000 0.5800 0.0128
13.4000 0.1600 0.0049
13.4000 0.1800 0.0052
13.4000 0.2000 0.0055
13.4000 0.2200 0.0058
13.4000 0.2400 0.0062
13.4000 0.2600 0.0065
13.4000 0.2800 0.0069
13.4000 0.3000 0.0073
13.4000 0.3200 0.0076
13.4000 0.3400 0.0080
13.4000 0.3600 0.0084
13.4000 0.3800 0.0088
13.4000 0.4000 0.0091
13.4000 0.4200 0.0095
13.4000 0.4400 0.0099
13.4000 0.4600 0.0103
13.4000 0.4800 0.0107
13.4000 0.5000 0.0111
13.4000 0.5200 0.0115
13.4000 0.5400 0.0118
13.4000 0.5600 0.0122
13.4000 0.5800 0.0126
13.6000 0.1600 0.0048
13.6000 0.1800 0.0051
13.6000 0.2000 0.0054
13.6000 0.2200 0.0057
13.6000 0.2400 0.0061
13.6000 0.2600 0.0064
13.6000 0.2800 0.0068
13.6000 0.3000 0.0072
13.6000 0.3200 0.0075
13.6000 0.3400 0.0079
13.6000 0.3600 0.0083
13.6000 0.3800 0.0086
13.6000 0.4000 0.0090
13.6000 0.4200 0.0094
13.6000 0.4400 0.0098
13.6000 0.4600 0.0102
13.6000 0.4800 0.0105
13.6000 0.5000 0.0109
13.6000 0.5200 0.0113
13.6000 0.5400 0.0117
13.6000 0.5600 0.0121
13.6000 0.5800 0.0125
13.8000 0.1600 0.0048
13.8000 0.1800 0.0050
13.8000 0.2000 0.0053
13.8000 0.2200 0.0057
13.8000 0.2400 0.0060
13.8000 0.2600 0.0063
13.8000 0.2800 0.0067
13.8000 0.3000 0.0071
13.8000 0.3200 0.0074
13.8000 0.3400 0.0078
13.8000 0.3600 0.0082
13.8000 0.3800 0.0085
13.8000 0.4000 0.0089
13.8000 0.4200 0.0093
13.8000 0.4400 0.0097
13.8000 0.4600 0.0100
13.8000 0.4800 0.0104
13.8000 0.5000 0.0108
13.8000 0.5200 0.0112
13.8000 0.5400 0.0116
13.8000 0.5600 0.0119
13.8000 0.5800 0.0123
14.0000 0.1600 0.0047
14.0000 0.1800 0.0050
14.0000 0.2000 0.0053
14.0000 0.2200 0.0056
14.0000 0.2400 0.0059
14.0000 0.2600 0.0063
14.0000 0.2800 0.0066
14.0000 0.3000 0.0070
14.0000 0.3200 0.0073
14.0000 0.3400 0.0077
14.0000 0.3600 0.0081
14.0000 0.3800 0.0084
14.0000 0.4000 0.0088
14.0000 0.4200 0.0092
14.0000 0.4400 0.0095
14.0000 0.4600 0.0099
14.0000 0.4800 0.0103
14.0000 0.5000 0.0107
14.0000 0.5200 0.0110
14.0000 0.5400 0.0114
14.0000 0.5600 0.0118
14.0000 0.5800 0.0122
14.2000 0.1600 0.0046
14.2000 0.1800 0.0049
14.2000 0.2000 0.0052
14.2000 0.2200 0.0055
14.2000 0.2400 0.0058
14.2000 0.2600 0.0062
14.2000 0.2800 0.0065
14.2000 0.3000 0.0069
14.2000 0.3200 0.0072
14.2000 0.3400 0.0076
14.2000 0.3600 0.0080
14.2000 0.3800 0.0083
14.2000 0.4000 0.0087
14.2000 0.4200 0.0091
14.2000 0.4400 0.0094
14.2000 0.4600 0.0098
14.2000 0.4800 0.0102
14.2000 0.5000 0.0106
14.2000 0.5200 0.0109
14.2000 0.5400 0.0113
14.2000 0.5600 0.0117
14.2000 0.5800 0.0120
14.4000 0.1600 0.0045
14.4000 0.1800 0.0048
14.4000 0.2000 0.0051
14.4000 0.2200 0.0054
14.4000 0.2400 0.0058
14.4000 0.2600 0.0061
14.4000 0.2800 0.0064
14.4000 0.3000 0.0068
14.4000 0.3200 0.0071
14.4000 0.3400 0.0075
14.4000 0.3600 0.0079
14.4000 0.3800 0.0082
14.4000 0.4000 0.0086
14.4000 0.4200 0.0090
14.4000 0.4400 0.0093
14.4000 0.4600 0.0097
14.4000 0.4800 0.0101
14.4000 0.5000 0.0104
14.4000 0.5200 0.0108
14.4000 0.5400 0.0112
14.4000 0.5600 0.0115
14.4000 0.5800 0.0119
14.6000 0.1600 0.0044
14.6000 0.1800 0.0047
14.6000 0.2000 0.0050
14.6000 0.2200 0.0053
14.6000 0.2400 0.0057
14.6000 0.2600 0.0060
14.6000 0.2800 0.0064
14.6000 0.3000 0.0067
14.6000 0.3200 0.0071
14.6000 0.3400 0.0074
14.6000 0.3600 0.0078
14.6000 0.3800 0.0081
14.6000 0.4000 0.0085
14.6000 0.4200 0.0089
14.6000 0.4400 0.0092
14.6000 0.4600 0.0096
14.6000 0.4800 0.0100
14.6000 0.5000 0.0103
14.6000 0.5200 0.0107
14.6000 0.5400 0.0111
14.6000 0.5600 0.0114
14.6000 0.5800 0.0118
14.8000 0.1600 0.0044
14.8000 0.1800 0.0047
14.8000 0.2000 0.0050
14.8000 0.2200 0.0053
14.8000 0.2400 0.0056
14.8000 0.2600 0.0059
14.8000 0.2800 0.0063
14.8000 0.3000 0.0066
14.8000 0.3200 0.0070
14.8000 0.3400 0.0073
14.8000 0.3600 0.0077
14.8000 0.3800 0.0080
14.8000 0.4000 0.0084
14.8000 0.4200 0.0088
14.8000 0.4400 0.0091
14.8000 0.4600 0.0095
14.8000 0.4800 0.0098
14.8000 0.5000 0.0102
14.8000 0.5200 0.0106
14.8000 0.5400 0.0109
14.8000 0.5600 0.0113
14.8000 0.5800 0.0117
15.0000 0.1600 0.0043
15.0000 0.1800 0.0046
15.0000 0.2000 0.0049
15.0000 0.2200 0.0052
15.0000 0.2400 0.0055
15.0000 0.2600 0.0059
15.0000 0.2800 0.0062
15.0000 0.3000 0.0065
15.0000 0.3200 0.0069
15.0000 0.3400 0.0072
15.0000 0.3600 0.0076
15.0000 0.3800 0.0079
15.0000 0.4000 0.0083
15.0000 0.4200 0.0087
15.0000 0.4400 0.0090
15.0000 0.4600 0.0094
15.0000 0.4800 0.0097
15.0000 0.5000 0.0101
15.0000 0.5200 0.0105
15.0000 0.5400 0.0108
15.0000 0.5600 0.0112
15.0000 0.5800 0.0115
15.2000 0.1600 0.0042
15.2000 0.1800 0.0045
15.2000 0.2000 0.0048
15.2000 0.2200 0.0051
15.2000 0.2400 0.0055
15.2000 0.2600 0.0058
15.2000 0.2800 0.0061
15.2000 0.3000 0.0065
15.2000 0.3200 0.0068
15.2000 0.3400 0.0072
15.2000 0.3600 0.0075
15.2000 0.3800 0.0079
15.2000 0.4000 0.0082
15.2000 0.4200 0.0086
15.2000 0.4400 0.0089
15.2000 0.4600 0.0093
15.2000 0.4800 0.0096
15.2000 0.5000 0.0100
15.2000 0.5200 0.0104
15.2000 0.5400 0.0107
15.2000 0.5600 0.0111
15.2000 0.5800 0.0114
15.4000 0.1600 0.0042
15.4000 0.1800 0.0045
15.4000 0.2000 0.0048
15.4000 0.2200 0.0051
15.4000 0.2400 0.0054
15.4000 0.2600 0.0057
15.4000 0.2800 0.0061
15.4000 0.3000 0.0064
15.4000 0.3200 0.0067
15.4000 0.3400 0.0071
15.4000 0.3600 0.0074
15.4000 0.3800 0.0078
15.4000 0.4000 0.0081
15.4000 0.4200 0.0085
15.4000 0.4400 0.0088
15.4000 0.4600 0.0092
15.4000 0.4800 0.0095
15.4000 0.5000 0.0099
15.4000 0.5200 0.0102
15.4000 0.5400 0.0106
15.4000 0.5600 0.0110
15.4000 0.5800 0.0113
15.6000 0.1600 0.0041
15.6000 0.1800 0.0044
15.6000 0.2000 0.0047
15.6000 0.2200 0.0050
15.6000 0.2400 0.0053
15.6000 0.2600 0.0056
15.6000 0.2800 0.0060
15.6000 0.3000 0.0063
15.6000 0.3200 0.0067
15.6000 0.3400 0.0070
15.6000 0.3600 0.0073
15.6000 0.3800 0.0077
15.6000 0.4000 0.0080
15.6000 0.4200 0.0084
15.6000 0.4400 0.0087
15.6000 0.4600 0.0091
15.6000 0.4800 0.0094
15.6000 0.5000 0.0098
15.6000 0.5200 0.0101
15.6000 0.5400 0.0105
15.6000 0.5600 0.0109
15.6000 0.5800 0.0112
15.8000 0.1600 0.0040
15.8000 0.1800 0.0043
15.8000 0.2000 0.0046
15.8000 0.2200 0.0049
15.8000 0.2400 0.0053
15.8000 0.2600 0.0056
15.8000 0.2800 0.0059
15.8000 0.3000 0.0062
15.8000 0.3200 0.0066
15.8000 0.3400 0.0069
15.8000 0.3600 0.0073
15.8000 0.3800 0.0076
15.8000 0.4000 0.0080
15.8000 0.4200 0.0083
15.8000 0.4400 0.0087
15.8000 0.4600 0.0090
15.8000 0.4800 0.0093
15.8000 0.5000 0.0097
15.8000 0.5200 0.0100
15.8000 0.5400 0.0104
15.8000 0.5600 0.0108
15.8000 0.5800 0.0111
16.0000 0.1600 0.0040
16.0000 0.1800 0.0043
16.0000 0.2000 0.0046
16.0000 0.2200 0.0049
16.0000 0.2400 0.0052
16.0000 0.2600 0.0055
16.0000 0.2800 0.0058
16.0000 0.3000 0.0062
16.0000 0.3200 0.0065
16.0000 0.3400 0.0069
16.0000 0.3600 0.0072
16.0000 0.3800 0.0075
16.0000 0.4000 0.0079
16.0000 0.4200 0.0082
16.0000 0.4400 0.0086
16.0000 0.4600 0.0089
16.0000 0.4800 0.0093
16.0000 0.5000 0.0096
16.0000 0.5200 0.0100
16.0000 0.5400 0.0103
16.0000 0.5600 0.0107
16.0000 0.5800 0.0110
16.2000 0.1600 0.0039
16.2000 0.1800 0.0042
16.2000 0.2000 0.0045
16.2000 0.2200 0.0048
16.2000 0.2400 0.0051
16.2000 0.2600 0.0055
16.2000 0.2800 0.0058
16.2000 0.3000 0.0061
16.2000 0.3200 0.0064
16.2000 0.3400 0.0068
16.2000 0.3600 0.0071
16.2000 0.3800 0.0075
16.2000 0.4000 0.0078
16.2000 0.4200 0.0081
16.2000 0.4400 0.0085
16.2000 0.4600 0.0088
16.2000 0.4800 0.0092
16.2000 0.5000 0.0095
16.2000 0.5200 0.0099
16.2000 0.5400 0.0102
16.2000 0.5600 0.0106
16.2000 0.5800 0.0109
16.4000 0.1600 0.0039
16.4000 0.1800 0.0041
16.4000 0.2000 0.0044
16.4000 0.2200 0.0048
16.4000 0.2400 0.0051
16.4000 0.2600 0.0054
16.4000 0.2800 0.0057
16.4000 0.3000 0.0060
16.4000 0.3200 0.0064
16.4000 0.3400 0.0067
16.4000 0.3600 0.0070
16.4000 0.3800 0.0074
16.4000 0.4000 0.0077
16.4000 0.4200 0.0081
16.4000 0.4400 0.0084
16.4000 0.4600 0.0087
16.4000 0.4800 0.0091
16.4000 0.5000 0.0094
16.4000 0.5200 0.0098
16.4000 0.5400 0.0101
16.4000 0.5600 0.0105
16.4000 0.5800 0.0108
16.6000 0.1600 0.0038
16.6000 0.1800 0.0041
16.6000 0.2000 0.0044
16.6000 0.2200 0.0047
16.6000 0.2400 0.0050
16.6000 0.2600 0.0053
16.6000 0.2800 0.0057
16.6000 0.3000 0.0060
16.6000 0.3200 0.0063
16.6000 0.3400 0.0066
16.6000 0.3600 0.0070
16.6000 0.3800 0.0073
16.6000 0.4000 0.0076
16.6000 0.4200 0.0080
16.6000 0.4400 0.0083
16.6000 0.4600 0.0087
16.6000 0.4800 0.0090
16.6000 0.5000 0.0093
16.6000 0.5200 0.0097
16.6000 0.5400 0.0100
16.6000 0.5600 0.0104
16.6000 0.5800 0.0107
16.8000 0.1600 0.0038
16.8000 0.1800 0.0040
16.8000 0.2000 0.0043
16.8000 0.2200 0.0046
16.8000 0.2400 0.0050
16.8000 0.2600 0.0053
16.8000 0.2800 0.0056
16.8000 0.3000 0.0059
16.8000 0.3200 0.0062
16.8000 0.3400 0.0066
16.8000 0.3600 0.0069
16.8000 0.3800 0.0072
16.8000 0.4000 0.0076
16.8000 0.4200 0.0079
16.8000 0.4400 0.0082
16.8000 0.4600 0.0086
16.8000 0.4800 0.0089
16.8000 0.5000 0.0093
16.8000 0.5200 0.0096
16.8000 0.5400 0.0099
16.8000 0.5600 0.0103
16.8000 0.5800 0.0106
17.0000 0.1600 0.0037
17.0000 0.1800 0.0040
17.0000 0.2000 0.0043
17.0000 0.2200 0.0046
17.0000 0.2400 0.0049
17.0000 0.2600 0.0052
17.0000 0.2800 0.0055
17.0000 0.3000 0.0059
17.0000 0.3200 0.0062
17.0000 0.3400 0.0065
17.0000 0.3600 0.0068
17.0000 0.3800 0.0072
17.0000 0.4000 0.0075
17.0000 0.4200 0.0078
17.0000 0.4400 0.0082
17.0000 0.4600 0.0085
17.0000 0.4800 0.0088
17.0000 0.5000 0.0092
17.0000 0.5200 0.0095
17.0000 0.5400 0.0098
17.0000 0.5600 0.0102
17.0000 0.5800 0.0105
17.2000 0.1600 0.0037
17.2000 0.1800 0.0039
17.2000 0.2000 0.0042
17.2000 0.2200 0.0045
17.2000 0.2400 0.0048
17.2000 0.2600 0.0052
17.2000 0.2800 0.0055
17.2000 0.3000 0.0058
17.2000 0.3200 0.0061
17.2000 0.3400 0.0064
17.2000 0.3600 0.0068
17.2000 0.3800 0.0071
17.2000 0.4000 0.0074
17.2000 0.4200 0.0078
17.2000 0.4400 0.0081
17.2000 0.4600 0.0084
17.2000 0.4800 0.0088
17.2000 0.5000 0.0091
17.2000 0.5200 0.0094
17.2000 0.5400 0.0098
17.2000 0.5600 0.0101
17.2000 0.5800 0.0104
17.4000 0.1600 0.0036
17.4000 0.1800 0.0039
17.4000 0.2000 0.0042
17.4000 0.2200 0.0045
17.4000 0.2400 0.0048
17.4000 0.2600 0.0051
17.4000 0.2800 0.0054
17.4000 0.3000 0.0057
17.4000 0.3200 0.0061
17.4000 0.3400 0.0064
17.4000 0.3600 0.0067
17.4000 0.3800 0.0070
17.4000 0.4000 0.0074
17.4000 0.4200 0.0077
17.4000 0.4400 0.0080
17.4000 0.4600 0.0084
17.4000 0.4800 0.0087
17.4000 0.5000 0.0090
17.4000 0.5200 0.0094
17.4000 0.5400 0.0097
17.4000 0.5600 0.0100
17.4000 0.5800 0.0104
17.6000 0.1600 0.0036
17.6000 0.1800 0.0038
17.6000 0.2000 0.0041
17.6000 0.2200 0.0044
17.6000 0.2400 0.0047
17.6000 0.2600 0.0051
17.6000 0.2800 0.0054
17.6000 0.3000 0.0057
17.6000 0.3200 0.0060
17.6000 0.3400 0.0063
17.6000 0.3600 0.0067
17.6000 0.3800 0.0070
17.6000 0.4000 0.0073
17.6000 0.4200 0.0076
17.6000 0.4400 0.0080
17.6000 0.4600 0.0083
17.6000 0.4800 0.0086
17.6000 0.5000 0.0089
17.6000 0.5200 0.0093
17.6000 0.5400 0.0096
17.6000 0.5600 0.0099
17.6000 0.5800 0.0103
17.8000 0.1600 0.0035
17.8000 0.1800 0.0038
17.8000 0.2000 0.0041
17.8000 0.2200 0.0044
17.8000 0.2400 0.0047
17.8000 0.2600 0.0050
17.8000 0.2800 0.0053
17.8000 0.3000 0.0056
17.8000 0.3200 0.0059
17.8000 0.3400 0.0063
17.8000 0.3600 0.0066
17.8000 0.3800 0.0069
17.8000 0.4000 0.0072
17.8000 0.4200 0.0076
17.8000 0.4400 0.0079
17.8000 0.4600 0.0082
17.8000 0.4800 0.0085
17.8000 0.5000 0.0089
17.8000 0.5200 0.0092
17.8000 0.5400 0.0095
17.8000 0.5600 0.0099
17.8000 0.5800 0.0102
18.0000 0.1600 0.0035
18.0000 0.1800 0.0037
18.0000 0.2000 0.0040
18.0000 0.2200 0.0043
18.0000 0.2400 0.0046
18.0000 0.2600 0.0049
18.0000 0.2800 0.0053
18.0000 0.3000 0.0056
18.0000 0.3200 0.0059
18.0000 0.3400 0.0062
18.0000 0.3600 0.0065
18.0000 0.3800 0.0069
18.0000 0.4000 0.0072
18.0000 0.4200 0.0075
18.0000 0.4400 0.0078
18.0000 0.4600 0.0081
18.0000 0.4800 0.0085
18.0000 0.5000 0.0088
18.0000 0.5200 0.0091
18.0000 0.5400 0.0095
18.0000 0.5600 0.0098
18.0000 0.5800 0.0101
18.2000 0.1600 0.0034
18.2000 0.1800 0.0037
18.2000 0.2000 0.0040
18.2000 0.2200 0.0043
18.2000 0.2400 0.0046
18.2000 0.2600 0.0049
18.2000 0.2800 0.0052
18.2000 0.3000 0.0055
18.2000 0.3200 0.0058
18.2000 0.3400 0.0062
18.2000 0.3600 0.0065
18.2000 0.3800 0.0068
18.2000 0.4000 0.0071
18.2000 0.4200 0.0074
18.2000 0.4400 0.0078
18.2000 0.4600 0.0081
18.2000 0.4800 0.0084
18.2000 0.5000 0.0087
18.2000 0.5200 0.0091
18.2000 0.5400 0.0094
18.2000 0.5600 0.0097
18.2000 0.5800 0.0100
18.4000 0.1600 0.0034
18.4000 0.1800 0.0036
18.4000 0.2000 0.0039
18.4000 0.2200 0.0042
18.4000 0.2400 0.0045
18.4000 0.2600 0.0049
18.4000 0.2800 0.0052
18.4000 0.3000 0.0055
18.4000 0.3200 0.0058
18.4000 0.3400 0.0061
18.4000 0.3600 0.0064
18.4000 0.3800 0.0067
18.4000 0.4000 0.0071
18.4000 0.4200 0.0074
18.4000 0.4400 0.0077
18.4000 0.4600 0.0080
18.4000 0.4800 0.0083
18.4000 0.5000 0.0087
18.4000 0.5200 0.0090
18.4000 0.5400 0.0093
18.4000 0.5600 0.0096
18.4000 0.5800 0.0100
18.6000 0.1600 0.0033
18.6000 0.1800 0.0036
18.6000 0.2000 0.0039
18.6000 0.2200 0.0042
18.6000 0.2400 0.0045
18.6000 0.2600 0.0048
18.6000 0.2800 0.0051
18.6000 0.3000 0.0054
18.6000 0.3200 0.0057
18.6000 0.3400 0.0060
18.6000 0.3600 0.0064
18.6000 0.3800 0.0067
18.6000 0.4000 0.0070
18.6000 0.4200 0.0073
18.6000 0.4400 0.0076
18.6000 0.4600 0.0080
18.6000 0.4800 0.0083
18.6000 0.5000 0.0086
18.6000 0.5200 0.0089
18.6000 0.5400 0.0092
18.6000 0.5600 0.0096
18.6000 0.5800 0.0099
18.8000 0.1600 0.0033
18.8000 0.1800 0.0036
18.8000 0.2000 0.0039
18.8000 0.2200 0.0042
18.8000 0.2400 0.0045
18.8000 0.2600 0.0048
18.8000 0.2800 0.0051
18.8000 0.3000 0.0054
18.8000 0.3200 0.0057
18.8000 0.3400 0.0060
18.8000 0.3600 0.0063
18.8000 0.3800 0.0066
18.8000 0.4000 0.0069
18.8000 0.4200 0.0073
18.8000 0.4400 0.0076
18.8000 0.4600 0.0079
18.8000 0.4800 0.0082
18.8000 0.5000 0.0085
18.8000 0.5200 0.0089
18.8000 0.5400 0.0092
18.8000 0.5600 0.0095
18.8000 0.5800 0.0098
19.0000 0.1600 0.0032
19.0000 0.1800 0.0035
19.0000 0.2000 0.0038
19.0000 0.2200 0.0041
19.0000 0.2400 0.0044
19.0000 0.2600 0.0047
19.0000 0.2800 0.0050
19.0000 0.3000 0.0053
19.0000 0.3200 0.0056
19.0000 0.3400 0.0059
19.0000 0.3600 0.0063
19.0000 0.3800 0.0066
19.0000 0.4000 0.0069
19.0000 0.4200 0.0072
19.0000 0.4400 0.0075
19.0000 0.4600 0.0078
19.0000 0.4800 0.0082
19.0000 0.5000 0.0085
19.0000 0.5200 0.0088
19.0000 0.5400 0.0091
19.0000 0.5600 0.0094
19.0000 0.5800 0.0097
19.2000 0.1600 0.0032
19.2000 0.1800 0.0035
19.2000 0.2000 0.0038
19.2000 0.2200 0.0041
19.2000 0.2400 0.0044
19.2000 0.2600 0.0047
19.2000 0.2800 0.0050
19.2000 0.3000 0.0053
19.2000 0.3200 0.0056
19.2000 0.3400 0.0059
19.2000 0.3600 0.0062
19.2000 0.3800 0.0065
19.2000 0.4000 0.0068
19.2000 0.4200 0.0071
19.2000 0.4400 0.0075
19.2000 0.4600 0.0078
19.2000 0.4800 0.0081
19.2000 0.5000 0.0084
19.2000 0.5200 0.0087
19.2000 0.5400 0.0090
19.2000 0.5600 0.0094
19.2000 0.5800 0.0097
19.4000 0.1600 0.0032
19.4000 0.1800 0.0034
19.4000 0.2000 0.0037
19.4000 0.2200 0.0040
19.4000 0.2400 0.0043
19.4000 0.2600 0.0046
19.4000 0.2800 0.0049
19.4000 0.3000 0.0052
19.4000 0.3200 0.0055
19.4000 0.3400 0.0058
19.4000 0.3600 0.0062
19.4000 0.3800 0.0065
19.4000 0.4000 0.0068
19.4000 0.4200 0.0071
19.4000 0.4400 0.0074
19.4000 0.4600 0.0077
19.4000 0.4800 0.0080
19.4000 0.5000 0.0083
19.4000 0.5200 0.0087
19.4000 0.5400 0.0090
19.4000 0.5600 0.0093
19.4000 0.5800 0.0096
19.6000 0.1600 0.0031
19.6000 0.1800 0.0034
19.6000 0.2000 0.0037
19.6000 0.2200 0.0040
19.6000 0.2400 0.0043
19.6000 0.2600 0.0046
19.6000 0.2800 0.0049
19.6000 0.3000 0.0052
19.6000 0.3200 0.0055
19.6000 0.3400 0.0058
19.6000 0.3600 0.0061
19.6000 0.3800 0.0064
19.6000 0.4000 0.0067
19.6000 0.4200 0.0070
19.6000 0.4400 0.0074
19.6000 0.4600 0.0077
19.6000 0.4800 0.0080
19.6000 0.5000 0.0083
19.6000 0.5200 0.0086
19.6000 0.5400 0.0089
19.6000 0.5600 0.0092
19.6000 0.5800 0.0095
19.8000 0.1600 0.0031
19.8000 0.1800 0.0034
19.8000 0.2000 0.0037
19.8000 0.2200 0.0039
19.8000 0.2400 0.0042
19.8000 0.2600 0.0045
19.8000 0.2800 0.0048
19.8000 0.3000 0.0051
19.8000 0.3200 0.0054
19.8000 0.3400 0.0058
19.8000 0.3600 0.0061
19.8000 0.3800 0.0064
19.8000 0.4000 0.0067
19.8000 0.4200 0.0070
19.8000 0.4400 0.0073
19.8000 0.4600 0.0076
19.8000 0.4800 0.0079
19.8000 0.5000 0.0082
19.8000 0.5200 0.0085
19.8000 0.5400 0.0089
19.8000 0.5600 0.0092
19.8000 0.5800 0.0095
20.0000 0.1600 0.0030
20.0000 0.1800 0.0033
20.0000 0.2000 0.0036
20.0000 0.2200 0.0039
20.0000 0.2400 0.0042
20.0000 0.2600 0.0045
20.0000 0.2800 0.0048
20.0000 0.3000 0.0051
20.0000 0.3200 0.0054
20.0000 0.3400 0.0057
20.0000 0.3600 0.0060
20.0000 0.3800 0.0063
20.0000 0.4000 0.0066
20.0000 0.4200 0.0069
20.0000 0.4400 0.0072
20.0000 0.4600 0.0076
20.0000 0.4800 0.0079
20.0000 0.5000 0.0082
20.0000 0.5200 0.0085
20.0000 0.5400 0.0088
20.0000 0.5600 0.0091
20.0000 0.5800 0.0094
20.2000 0.1600 0.0030
20.2000 0.1800 0.0033
20.2000 0.2000 0.0036
20.2000 0.2200 0.0039
20.2000 0.2400 0.0042
20.2000 0.2600 0.0045
20.2000 0.2800 0.0048
20.2000 0.3000 0.0051
20.2000 0.3200 0.0054
20.2000 0.3400 0.0057
20.2000 0.3600 0.0060
20.2000 0.3800 0.0063
20.2000 0.4000 0.0066
20.2000 0.4200 0.0069
20.2000 0.4400 0.0072
20.2000 0.4600 0.0075
20.2000 0.4800 0.0078
20.2000 0.5000 0.0081
20.2000 0.5200 0.0084
20.2000 0.5400 0.0087
20.2000 0.5600 0.0091
20.2000 0.5800 0.0094
20.4000 0.1600 0.0030
20.4000 0.1800 0.0033
20.4000 0.2000 0.0035
20.4000 0.2200 0.0038
20.4000 0.2400 0.0041
20.4000 0.2600 0.0044
20.4000 0.2800 0.0047
20.4000 0.3000 0.0050
20.4000 0.3200 0.0053
20.4000 0.3400 0.0056
20.4000 0.3600 0.0059
20.4000 0.3800 0.0062
20.4000 0.4000 0.0065
20.4000 0.4200 0.0068
20.4000 0.4400 0.0071
20.4000 0.4600 0.0075
20.4000 0.4800 0.0078
20.4000 0.5000 0.0081
20.4000 0.5200 0.0084
20.4000 0.5400 0.0087
20.4000 0.5600 0.0090
20.4000 0.5800 0.0093
20.6000 0.1600 0.0029
20.6000 0.1800 0.0032
20.6000 0.2000 0.0035
20.6000 0.2200 0.0038
20.6000 0.2400 0.0041
20.6000 0.2600 0.0044
20.6000 0.2800 0.0047
20.6000 0.3000 0.0050
20.6000 0.3200 0.0053
20.6000 0.3400 0.0056
20.6000 0.3600 0.0059
20.6000 0.3800 0.0062
20.6000 0.4000 0.0065
20.6000 0.4200 0.0068
20.6000 0.4400 0.0071
20.6000 0.4600 0.0074
20.6000 0.4800 0.0077
20.6000 0.5000 0.0080
20.6000 0.5200 0.0083
20.6000 0.5400 0.0086
20.6000 0.5600 0.0089
20.6000 0.5800 0.0092
20.8000 0.1600 0.0029
20.8000 0.1800 0.0032
20.8000 0.2000 0.0035
20.8000 0.2200 0.0038
20.8000 0.2400 0.0041
20.8000 0.2600 0.0043
20.8000 0.2800 0.0046
20.8000 0.3000 0.0049
20.8000 0.3200 0.0052
20.8000 0.3400 0.0055
20.8000 0.3600 0.0058
20.8000 0.3800 0.0061
20.8000 0.4000 0.0064
20.8000 0.4200 0.0067
20.8000 0.4400 0.0071
20.8000 0.4600 0.0074
20.8000 0.4800 0.0077
20.8000 0.5000 0.0080
20.8000 0.5200 0.0083
20.8000 0.5400 0.0086
20.8000 0.5600 0.0089
20.8000 0.5800 0.0092
21.0000 0.1600 0.0029
21.0000 0.1800 0.0032
21.0000 0.2000 0.0034
21.0000 0.2200 0.0037
21.0000 0.2400 0.0040
21.0000 0.2600 0.0043
21.0000 0.2800 0.0046
21.0000 0.3000 0.0049
21.0000 0.3200 0.0052
21.0000 0.3400 0.0055
21.0000 0.3600 0.0058
21.0000 0.3800 0.0061
21.0000 0.4000 0.0064
21.0000 0.4200 0.0067
21.0000 0.4400 0.0070
21.0000 0.4600 0.0073
21.0000 0.4800 0.0076
21.0000 0.5000 0.0079
21.0000 0.5200 0.0082
21.0000 0.5400 0.0085
21.0000 0.5600 0.0088
21.0000 0.5800 0.0091
21.2000 0.1600 0.0028
21.2000 0.1800 0.0031
21.2000 0.2000 0.0034
21.2000 0.2200 0.0037
21.2000 0.2400 0.0040
21.2000 0.2600 0.0043
21.2000 0.2800 0.0046
21.2000 0.3000 0.0049
21.2000 0.3200 0.0052
21.2000 0.3400 0.0055
21.2000 0.3600 0.0058
21.2000 0.3800 0.0061
21.2000 0.4000 0.0064
21.2000 0.4200 0.0067
21.2000 0.4400 0.0070
21.2000 0.4600 0.0073
21.2000 0.4800 0.0076
21.2000 0.5000 0.0079
21.2000 0.5200 0.0082
21.2000 0.5400 0.0085
21.2000 0.5600 0.0088
21.2000 0.5800 0.0091
21.4000 0.1600 0.0028
21.4000 0.1800 0.0031
21.4000 0.2000 0.0034
21.4000 0.2200 0.0037
21.4000 0.2400 0.0039
21.4000 0.2600 0.0042
21.4000 0.2800 0.0045
21.4000 0.3000 0.0048
21.4000 0.3200 0.0051
21.4000 0.3400 0.0054
21.4000 0.3600 0.0057
21.4000 0.3800 0.0060
21.4000 0.4000 0.0063
21.4000 0.4200 0.0066
21.4000 0.4400 0.0069
21.4000 0.4600 0.0072
21.4000 0.4800 0.0075
21.4000 0.5000 0.0078
21.4000 0.5200 0.0081
21.4000 0.5400 0.0084
21.4000 0.5600 0.0087
21.4000 0.5800 0.0090
21.6000 0.1600 0.0028
21.6000 0.1800 0.0031
21.6000 0.2000 0.0033
21.6000 0.2200 0.0036
21.6000 0.2400 0.0039
21.6000 0.2600 0.0042
21.6000 0.2800 0.0045
21.6000 0.3000 0.0048
21.6000 0.3200 0.0051
21.6000 0.3400 0.0054
21.6000 0.3600 0.0057
21.6000 0.3800 0.0060
21.6000 0.4000 0.0063
21.6000 0.4200 0.0066
21.6000 0.4400 0.0069
21.6000 0.4600 0.0072
21.6000 0.4800 0.0075
21.6000 0.5000 0.0078
21.6000 0.5200 0.0081
21.6000 0.5400 0.0084
21.6000 0.5600 0.0087
21.6000 0.5800 0.0090
21.8000 0.1600 0.0028
21.8000 0.1800 0.0030
21.8000 0.2000 0.0033
21.8000 0.2200 0.0036
21.8000 0.2400 0.0039
21.8000 0.2600 0.0042
21.8000 0.2800 0.0045
21.8000 0.3000 0.0048
21.8000 0.3200 0.0050
21.8000 0.3400 0.0053
21.8000 0.3600 0.0056
21.8000 0.3800 0.0059
21.8000 0.4000 0.0062
21.8000 0.4200 0.0065
21.8000 0.4400 0.0068
21.8000 0.4600 0.0071
21.8000 0.4800 0.0074
21.8000 0.5000 0.0077
21.8000 0.5200 0.0080
21.8000 0.5400 0.0083
21.8000 0.5600 0.0086
21.8000 0.5800 0.0089
22.0000 0.1600 0.0027
22.0000 0.1800 0.0030
22.0000 0.2000 0.0033
22.0000 0.2200 0.0036
22.0000 0.2400 0.0039
22.0000 0.2600 0.0041
22.0000 0.2800 0.0044
22.0000 0.3000 0.0047
22.0000 0.3200 0.0050
22.0000 0.3400 0.0053
22.0000 0.3600 0.0056
22.0000 0.3800 0.0059
22.0000 0.4000 0.0062
22.0000 0.4200 0.0065
22.0000 0.4400 0.0068
22.0000 0.4600 0.0071
22.0000 0.4800 0.0074
22.0000 0.5000 0.0077
22.0000 0.5200 0.0080
22.0000 0.5400 0.0083
22.0000 0.5600 0.0086
22.0000 0.5800 0.0089
22.2000 0.1600 0.0027
22.2000 0.1800 0.0030
22.2000 0.2000 0.0032
22.2000 0.2200 0.0035
22.2000 0.2400 0.0038
22.2000 0.2600 0.0041
22.2000 0.2800 0.0044
22.2000 0.3000 0.0047
22.2000 0.3200 0.0050
22.2000 0.3400 0.0053
22.2000 0.3600 0.0056
22.2000 0.3800 0.0059
22.2000 0.4000 0.0062
22.2000 0.4200 0.0065
22.2000 0.4400 0.0067
22.2000 0.4600 0.0070
22.2000 0.4800 0.0073
22.2000 0.5000 0.0076
22.2000 0.5200 0.0079
22.2000 0.5400 0.0082
22.2000 0.5600 0.0085
22.2000 0.5800 0.0088
22.4000 0.1600 0.0027
22.4000 0.1800 0.0029
22.4000 0.2000 0.0032
22.4000 0.2200 0.0035
22.4000 0.2400 0.0038
22.4000 0.2600 0.0041
22.4000 0.2800 0.0044
22.4000 0.3000 0.0047
22.4000 0.3200 0.0049
22.4000 0.3400 0.0052
22.4000 0.3600 0.0055
22.4000 0.3800 0.0058
22.4000 0.4000 0.0061
22.4000 0.4200 0.0064
22.4000 0.4400 0.0067
22.4000 0.4600 0.0070
22.4000 0.4800 0.0073
22.4000 0.5000 0.0076
22.4000 0.5200 0.0079
22.4000 0.5400 0.0082
22.4000 0.5600 0.0085
22.4000 0.5800 0.0088
22.6000 0.1600 0.0026
22.6000 0.1800 0.0029
22.6000 0.2000 0.0032
22.6000 0.2200 0.0035
22.6000 0.2400 0.0038
22.6000 0.2600 0.0040
22.6000 0.2800 0.0043
22.6000 0.3000 0.0046
22.6000 0.3200 0.0049
22.6000 0.3400 0.0052
22.6000 0.3600 0.0055
22.6000 0.3800 0.0058
22.6000 0.4000 0.0061
22.6000 0.4200 0.0064
22.6000 0.4400 0.0067
22.6000 0.4600 0.0070
22.6000 0.4800 0.0073
22.6000 0.5000 0.0076
22.6000 0.5200 0.0078
22.6000 0.5400 0.0081
22.6000 0.5600 0.0084
22.6000 0.5800 0.0087
22.8000 0.1600 0.0026
22.8000 0.1800 0.0029
22.8000 0.2000 0.0032
22.8000 0.2200 0.0034
22.8000 0.2400 0.0037
22.8000 0.2600 0.0040
22.8000 0.2800 0.0043
22.8000 0.3000 0.0046
22.8000 0.3200 0.0049
22.8000 0.3400 0.0052
22.8000 0.3600 0.0055
22.8000 0.3800 0.0058
22.8000 0.4000 0.0060
22.8000 0.4200 0.0063
22.8000 0.4400 0.0066
22.8000 0.4600 0.0069
22.8000 0.4800 0.0072
22.8000 0.5000 0.0075
22.8000 0.5200 0.0078
22.8000 0.5400 0.0081
22.8000 0.5600 0.0084
22.8000 0.5800 0.0087
23.0000 0.1600 0.0026
23.0000 0.1800 0.0029
23.0000 0.2000 0.0031
23.0000 0.2200 0.0034
23.0000 0.2400 0.0037
23.0000 0.2600 0.0040
23.0000 0.2800 0.0043
23.0000 0.3000 0.0046
23.0000 0.3200 0.0048
23.0000 0.3400 0.0051
23.0000 0.3600 0.0054
23.0000 0.3800 0.0057
23.0000 0.4000 0.0060
23.0000 0.4200 0.0063
23.0000 0.4400 0.0066
23.0000 0.4600 0.0069
23.0000 0.4800 0.0072
23.0000 0.5000 0.0075
23.0000 0.5200 0.0078
23.0000 0.5400 0.0081
23.0000 0.5600 0.0084
23.0000 0.5800 0.0087
23.2000 0.1600 0.0026
23.2000 0.1800 0.0028
23.2000 0.2000 0.0031
23.2000 0.2200 0.0034
23.2000 0.2400 0.0037
23.2000 0.2600 0.0040
23.2000 0.2800 0.0042
23.2000 0.3000 0.0045
23.2000 0.3200 0.0048
23.2000 0.3400 0.0051
23.2000 0.3600 0.0054
23.2000 0.3800 0.0057
23.2000 0.4000 0.0060
23.2000 0.4200 0.0063
23.2000 0.4400 0.0066
23.2000 0.4600 0.0068
23.2000 0.4800 0.0071
23.2000 0.5000 0.0074
23.2000 0.5200 0.0077
23.2000 0.5400 0.0080
23.2000 0.5600 0.0083
23.2000 0.5800 0.0086
23.4000 0.1600 0.0025
23.4000 0.1800 0.0028
23.4000 0.2000 0.0031
23.4000 0.2200 0.0034
23.4000 0.2400 0.0036
23.4000 0.2600 0.0039
23.4000 0.2800 0.0042
23.4000 0.3000 0.0045
23.4000 0.3200 0.0048
23.4000 0.3400 0.0051
23.4000 0.3600 0.0054
23.4000 0.3800 0.0056
23.4000 0.4000 0.0059
23.4000 0.4200 0.0062
23.4000 0.4400 0.0065
23.4000 0.4600 0.0068
23.4000 0.4800 0.0071
23.4000 0.5000 0.0074
23.4000 0.5200 0.0077
23.4000 0.5400 0.0080
23.4000 0.5600 0.0083
23.4000 0.5800 0.0086
23.6000 0.1600 0.0025
23.6000 0.1800 0.0028
23.6000 0.2000 0.0031
23.6000 0.2200 0.0033
23.6000 0.2400 0.0036
23.6000 0.2600 0.0039
23.6000 0.2800 0.0042
23.6000 0.3000 0.0045
23.6000 0.3200 0.0048
23.6000 0.3400 0.0050
23.6000 0.3600 0.0053
23.6000 0.3800 0.0056
23.6000 0.4000 0.0059
23.6000 0.4200 0.0062
23.6000 0.4400 0.0065
23.6000 0.4600 0.0068
23.6000 0.4800 0.0071
23.6000 0.5000 0.0074
23.6000 0.5200 0.0076
23.6000 0.5400 0.0079
23.6000 0.5600 0.0082
23.6000 0.5800 0.0085
23.8000 0.1600 0.0025
23.8000 0.1800 0.0028
23.8000 0.2000 0.0030
23.8000 0.2200 0.0033
23.8000 0.2400 0.0036
23.8000 0.2600 0.0039
23.8000 0.2800 0.0042
23.8000 0.3000 0.0044
23.8000 0.3200 0.0047
23.8000 0.3400 0.0050
23.8000 0.3600 0.0053
23.8000 0.3800 0.0056
23.8000 0.4000 0.0059
23.8000 0.4200 0.0062
23.8000 0.4400 0.0064
23.8000 0.4600 0.0067
23.8000 0.4800 0.0070
23.8000 0.5000 0.0073
23.8000 0.5200 0.0076
23.8000 0.5400 0.0079
23.8000 0.5600 0.0082
23.8000 0.5800 0.0085
24.0000 0.1600 0.0025
24.0000 0.1800 0.0027
24.0000 0.2000 0.0030
24.0000 0.2200 0.0033
24.0000 0.2400 0.0036
24.0000 0.2600 0.0038
24.0000 0.2800 0.0041
24.0000 0.3000 0.0044
24.0000 0.3200 0.0047
24.0000 0.3400 0.0050
24.0000 0.3600 0.0053
24.0000 0.3800 0.0056
24.0000 0.4000 0.0058
24.0000 0.4200 0.0061
24.0000 0.4400 0.0064
24.0000 0.4600 0.0067
24.0000 0.4800 0.0070
24.0000 0.5000 0.0073
24.0000 0.5200 0.0076
24.0000 0.5400 0.0079
24.0000 0.5600 0.0082
24.0000 0.5800 0.0084
24.2000 0.1600 0.0024
24.2000 0.1800 0.0027
24.2000 0.2000 0.0030
24.2000 0.2200 0.0033
24.2000 0.2400 0.0035
24.2000 0.2600 0.0038
24.2000 0.2800 0.0041
24.2000 0.3000 0.0044
24.2000 0.3200 0.0047
24.2000 0.3400 0.0049
24.2000 0.3600 0.0052
24.2000 0.3800 0.0055
24.2000 0.4000 0.0058
24.2000 0.4200 0.0061
24.2000 0.4400 0.0064
24.2000 0.4600 0.0067
24.2000 0.4800 0.0070
24.2000 0.5000 0.0072
24.2000 0.5200 0.0075
24.2000 0.5400 0.0078
24.2000 0.5600 0.0081
24.2000 0.5800 0.0084
24.4000 0.1600 0.0024
24.4000 0.1800 0.0027
24.4000 0.2000 0.0030
24.4000 0.2200 0.0032
24.4000 0.2400 0.0035
24.4000 0.2600 0.0038
24.4000 0.2800 0.0041
24.4000 0.3000 0.0044
24.4000 0.3200 0.0046
24.4000 0.3400 0.0049
24.4000 0.3600 0.0052
24.4000 0.3800 0.0055
24.4000 0.4000 0.0058
24.4000 0.4200 0.0061
24.4000 0.4400 0.0063
24.4000 0.4600 0.0066
24.4000 0.4800 0.0069
24.4000 0.5000 0.0072
24.4000 0.5200 0.0075
24.4000 0.5400 0.0078
24.4000 0.5600 0.0081
24.4000 0.5800 0.0084
24.6000 0.1600 0.0024
24.6000 0.1800 0.0027
24.6000 0.2000 0.0029
24.6000 0.2200 0.0032
24.6000 0.2400 0.0035
24.6000 0.2600 0.0038
24.6000 0.2800 0.0040
24.6000 0.3000 0.0043
24.6000 0.3200 0.0046
24.6000 0.3400 0.0049
24.6000 0.3600 0.0052
24.6000 0.3800 0.0055
24.6000 0.4000 0.0057
24.6000 0.4200 0.0060
24.6000 0.4400 0.0063
24.6000 0.4600 0.0066
24.6000 0.4800 0.0069
24.6000 0.5000 0.0072
24.6000 0.5200 0.0075
24.6000 0.5400 0.0078
24.6000 0.5600 0.0080
24.6000 0.5800 0.0083
24.8000 0.1600 0.0024
24.8000 0.1800 0.0026
24.8000 0.2000 0.0029
24.8000 0.2200 0.0032
24.8000 0.2400 0.0035
24.8000 0.2600 0.0037
24.8000 0.2800 0.0040
24.8000 0.3000 0.0043
24.8000 0.3200 0.0046
24.8000 0.3400 0.0049
24.8000 0.3600 0.0051
24.8000 0.3800 0.0054
24.8000 0.4000 0.0057
24.8000 0.4200 0.0060
24.8000 0.4400 0.0063
24.8000 0.4600 0.0066
24.8000 0.4800 0.0069
24.8000 0.5000 0.0071
24.8000 0.5200 0.0074
24.8000 0.5400 0.0077
24.8000 0.5600 0.0080
24.8000 0.5800 0.0083
25.0000 0.1600 0.0023
25.0000 0.1800 0.0026
25.0000 0.2000 0.0029
25.0000 0.2200 0.0032
25.0000 0.2400 0.0034
25.0000 0.2600 0.0037
25.0000 0.2800 0.0040
25.0000 0.3000 0.0043
25.0000 0.3200 0.0046
25.0000 0.3400 0.0048
25.0000 0.3600 0.0051
25.0000 0.3800 0.0054
25.0000 0.4000 0.0057
25.0000 0.4200 0.0060
25.0000 0.4400 0.0063
25.0000 0.4600 0.0065
25.0000 0.4800 0.0068
25.0000 0.5000 0.0071
25.0000 0.5200 0.0074
25.0000 0.5400 0.0077
25.0000 0.5600 0.0080
25.0000 0.5800 0.0083
25.2000 0.1600 0.0023
25.2000 0.1800 0.0026
25.2000 0.2000 0.0029
25.2000 0.2200 0.0031
25.2000 0.2400 0.0034
25.2000 0.2600 0.0037
25.2000 0.2800 0.0040
25.2000 0.3000 0.0042
25.2000 0.3200 0.0045
25.2000 0.3400 0.0048
25.2000 0.3600 0.0051
25.2000 0.3800 0.0054
25.2000 0.4000 0.0057
25.2000 0.4200 0.0059
25.2000 0.4400 0.0062
25.2000 0.4600 0.0065
25.2000 0.4800 0.0068
25.2000 0.5000 0.0071
25.2000 0.5200 0.0074
25.2000 0.5400 0.0077
25.2000 0.5600 0.0079
25.2000 0.5800 0.0082
25.4000 0.1600 0.0023
25.4000 0.1800 0.0026
25.4000 0.2000 0.0028
25.4000 0.2200 0.0031
25.4000 0.2400 0.0034
25.4000 0.2600 0.0037
25.4000 0.2800 0.0039
25.4000 0.3000 0.0042
25.4000 0.3200 0.0045
25.4000 0.3400 0.0048
25.4000 0.3600 0.0051
25.4000 0.3800 0.0053
25.4000 0.4000 0.0056
25.4000 0.4200 0.0059
25.4000 0.4400 0.0062
25.4000 0.4600 0.0065
25.4000 0.4800 0.0068
25.4000 0.5000 0.0070
25.4000 0.5200 0.0073
25.4000 0.5400 0.0076
25.4000 0.5600 0.0079
25.4000 0.5800 0.0082
25.6000 0.1600 0.0023
25.6000 0.1800 0.0025
25.6000 0.2000 0.0028
25.6000 0.2200 0.0031
25.6000 0.2400 0.0034
25.6000 0.2600 0.0036
25.6000 0.2800 0.0039
25.6000 0.3000 0.0042
25.6000 0.3200 0.0045
25.6000 0.3400 0.0048
25.6000 0.3600 0.0050
25.6000 0.3800 0.0053
25.6000 0.4000 0.0056
25.6000 0.4200 0.0059
25.6000 0.4400 0.0062
25.6000 0.4600 0.0064
25.6000 0.4800 0.0067
25.6000 0.5000 0.0070
25.6000 0.5200 0.0073
25.6000 0.5400 0.0076
25.6000 0.5600 0.0079
25.6000 0.5800 0.0082
25.8000 0.1600 0.0023
25.8000 0.1800 0.0025
25.8000 0.2000 0.0028
25.8000 0.2200 0.0031
25.8000 0.2400 0.0033
25.8000 0.2600 0.0036
25.8000 0.2800 0.0039
25.8000 0.3000 0.0042
25.8000 0.3200 0.0045
25.8000 0.3400 0.0047
25.8000 0.3600 0.0050
25.8000 0.3800 0.0053
25.8000 0.4000 0.0056
25.8000 0.4200 0.0059
25.8000 0.4400 0.0061
25.8000 0.4600 0.0064
25.8000 0.4800 0.0067
25.8000 0.5000 0.0070
25.8000 0.5200 0.0073
25.8000 0.5400 0.0076
25.8000 0.5600 0.0078
25.8000 0.5800 0.0081
26.0000 0.1600 0.0022
26.0000 0.1800 0.0025
26.0000 0.2000 0.0028
26.0000 0.2200 0.0030
26.0000 0.2400 0.0033
26.0000 0.2600 0.0036
26.0000 0.2800 0.0039
26.0000 0.3000 0.0041
26.0000 0.3200 0.0044
26.0000 0.3400 0.0047
26.0000 0.3600 0.0050
26.0000 0.3800 0.0053
26.0000 0.4000 0.0055
26.0000 0.4200 0.0058
26.0000 0.4400 0.0061
26.0000 0.4600 0.0064
26.0000 0.4800 0.0067
26.0000 0.5000 0.0070
26.0000 0.5200 0.0072
26.0000 0.5400 0.0075
26.0000 0.5600 0.0078
26.0000 0.5800 0.0081
26.2000 0.1600 0.0022
26.2000 0.1800 0.0025
26.2000 0.2000 0.0028
26.2000 0.2200 0.0030
26.2000 0.2400 0.0033
26.2000 0.2600 0.0036
26.2000 0.2800 0.0038
26.2000 0.3000 0.0041
26.2000 0.3200 0.0044
26.2000 0.3400 0.0047
26.2000 0.3600 0.0050
26.2000 0.3800 0.0052
26.2000 0.4000 0.0055
26.2000 0.4200 0.0058
26.2000 0.4400 0.0061
26.2000 0.4600 0.0064
26.2000 0.4800 0.0066
26.2000 0.5000 0.0069
26.2000 0.5200 0.0072
26.2000 0.5400 0.0075
26.2000 0.5600 0.0078
26.2000 0.5800 0.0081
26.4000 0.1600 0.0022
26.4000 0.1800 0.0025
26.4000 0.2000 0.0027
26.4000 0.2200 0.0030
26.4000 0.2400 0.0033
26.4000 0.2600 0.0036
26.4000 0.2800 0.0038
26.4000 0.3000 0.0041
26.4000 0.3200 0.0044
26.4000 0.3400 0.0047
26.4000 0.3600 0.0049
26.4000 0.3800 0.0052
26.4000 0.4000 0.0055
26.4000 0.4200 0.0058
26.4000 0.4400 0.0061
26.4000 0.4600 0.0063
26.4000 0.4800 0.0066
26.4000 0.5000 0.0069
26.4000 0.5200 0.0072
26.4000 0.5400 0.0075
26.4000 0.5600 0.0077
26.4000 0.5800 0.0080
26.6000 0.1600 0.0022
26.6000 0.1800 0.0024
26.6000 0.2000 0.0027
26.6000 0.2200 0.0030
26.6000 0.2400 0.0033
26.6000 0.2600 0.0035
26.6000 0.2800 0.0038
26.6000 0.3000 0.0041
26.6000 0.3200 0.0044
26.6000 0.3400 0.0046
26.6000 0.3600 0.0049
26.6000 0.3800 0.0052
26.6000 0.4000 0.0055
26.6000 0.4200 0.0057
26.6000 0.4400 0.0060
26.6000 0.4600 0.0063
26.6000 0.4800 0.0066
26.6000 0.5000 0.0069
26.6000 0.5200 0.0071
26.6000 0.5400 0.0074
26.6000 0.5600 0.0077
26.6000 0.5800 0.0080
26.8000 0.1600 0.0022
26.8000 0.1800 0.0024
26.8000 0.2000 0.0027
26.8000 0.2200 0.0030
26.8000 0.2400 0.0032
26.8000 0.2600 0.0035
26.8000 0.2800 0.0038
26.8000 0.3000 0.0041
26.8000 0.3200 0.0043
26.8000 0.3400 0.0046
26.8000 0.3600 0.0049
26.8000 0.3800 0.0052
26.8000 0.4000 0.0054
26.8000 0.4200 0.0057
26.8000 0.4400 0.0060
26.8000 0.4600 0.0063
26.8000 0.4800 0.0066
26.8000 0.5000 0.0068
26.8000 0.5200 0.0071
26.8000 0.5400 0.0074
26.8000 0.5600 0.0077
26.8000 0.5800 0.0080
27.0000 0.1600 0.0021
27.0000 0.1800 0.0024
27.0000 0.2000 0.0027
27.0000 0.2200 0.0029
27.0000 0.2400 0.0032
27.0000 0.2600 0.0035
27.0000 0.2800 0.0038
27.0000 0.3000 0.0040
27.0000 0.3200 0.0043
27.0000 0.3400 0.0046
27.0000 0.3600 0.0049
27.0000 0.3800 0.0051
27.0000 0.4000 0.0054
27.0000 0.4200 0.0057
27.0000 0.4400 0.0060
27.0000 0.4600 0.0063
27.0000 0.4800 0.0065
27.0000 0.5000 0.0068
27.0000 0.5200 0.0071
27.0000 0.5400 0.0074
27.0000 0.5600 0.0077
27.0000 0.5800 0.0079
27.2000 0.1600 0.0021
27.2000 0.1800 0.0024
27.2000 0.2000 0.0027
27.2000 0.2200 0.0029
27.2000 0.2400 0.0032
27.2000 0.2600 0.0035
27.2000 0.2800 0.0037
27.2000 0.3000 0.0040
27.2000 0.3200 0.0043
27.2000 0.3400 0.0046
27.2000 0.3600 0.0048
27.2000 0.3800 0.0051
27.2000 0.4000 0.0054
27.2000 0.4200 0.0057
27.2000 0.4400 0.0059
27.2000 0.4600 0.0062
27.2000 0.4800 0.0065
27.2000 0.5000 0.0068
27.2000 0.5200 0.0071
27.2000 0.5400 0.0073
27.2000 0.5600 0.0076
27.2000 0.5800 0.0079
27.4000 0.1600 0.0021
27.4000 0.1800 0.0024
27.4000 0.2000 0.0026
27.4000 0.2200 0.0029
27.4000 0.2400 0.0032
27.4000 0.2600 0.0034
27.4000 0.2800 0.0037
27.4000 0.3000 0.0040
27.4000 0.3200 0.0043
27.4000 0.3400 0.0045
27.4000 0.3600 0.0048
27.4000 0.3800 0.0051
27.4000 0.4000 0.0054
27.4000 0.4200 0.0056
27.4000 0.4400 0.0059
27.4000 0.4600 0.0062
27.4000 0.4800 0.0065
27.4000 0.5000 0.0068
27.4000 0.5200 0.0070
27.4000 0.5400 0.0073
27.4000 0.5600 0.0076
27.4000 0.5800 0.0079
27.6000 0.1600 0.0021
27.6000 0.1800 0.0024
27.6000 0.2000 0.0026
27.6000 0.2200 0.0029
27.6000 0.2400 0.0032
27.6000 0.2600 0.0034
27.6000 0.2800 0.0037
27.6000 0.3000 0.0040
27.6000 0.3200 0.0042
27.6000 0.3400 0.0045
27.6000 0.3600 0.0048
27.6000 0.3800 0.0051
27.6000 0.4000 0.0053
27.6000 0.4200 0.0056
27.6000 0.4400 0.0059
27.6000 0.4600 0.0062
27.6000 0.4800 0.0065
27.6000 0.5000 0.0067
27.6000 0.5200 0.0070
27.6000 0.5400 0.0073
27.6000 0.5600 0.0076
27.6000 0.5800 0.0079
27.8000 0.1600 0.0021
27.8000 0.1800 0.0023
27.8000 0.2000 0.0026
27.8000 0.2200 0.0029
27.8000 0.2400 0.0031
27.8000 0.2600 0.0034
27.8000 0.2800 0.0037
27.8000 0.3000 0.0039
27.8000 0.3200 0.0042
27.8000 0.3400 0.0045
27.8000 0.3600 0.0048
27.8000 0.3800 0.0050
27.8000 0.4000 0.0053
27.8000 0.4200 0.0056
27.8000 0.4400 0.0059
27.8000 0.4600 0.0061
27.8000 0.4800 0.0064
27.8000 0.5000 0.0067
27.8000 0.5200 0.0070
27.8000 0.5400 0.0073
27.8000 0.5600 0.0075
27.8000 0.5800 0.0078
28.0000 0.1600 0.0021
28.0000 0.1800 0.0023
28.0000 0.2000 0.0026
28.0000 0.2200 0.0029
28.0000 0.2400 0.0031
28.0000 0.2600 0.0034
28.0000 0.2800 0.0037
28.0000 0.3000 0.0039
28.0000 0.3200 0.0042
28.0000 0.3400 0.0045
28.0000 0.3600 0.0047
28.0000 0.3800 0.0050
28.0000 0.4000 0.0053
28.0000 0.4200 0.0056
28.0000 0.4400 0.0058
28.0000 0.4600 0.0061
28.0000 0.4800 0.0064
28.0000 0.5000 0.0067
28.0000 0.5200 0.0070
28.0000 0.5400 0.0072
28.0000 0.5600 0.0075
28.0000 0.5800 0.0078
28.2000 0.1600 0.0020
28.2000 0.1800 0.0023
28.2000 0.2000 0.0026
28.2000 0.2200 0.0028
28.2000 0.2400 0.0031
28.2000 0.2600 0.0034
28.2000 0.2800 0.0036
28.2000 0.3000 0.0039
28.2000 0.3200 0.0042
28.2000 0.3400 0.0045
28.2000 0.3600 0.0047
28.2000 0.3800 0.0050
28.2000 0.4000 0.0053
28.2000 0.4200 0.0055
28.2000 0.4400 0.0058
28.2000 0.4600 0.0061
28.2000 0.4800 0.0064
28.2000 0.5000 0.0067
28.2000 0.5200 0.0069
28.2000 0.5400 0.0072
28.2000 0.5600 0.0075
28.2000 0.5800 0.0078
28.4000 0.1600 0.0020
28.4000 0.1800 0.0023
28.4000 0.2000 0.0026
28.4000 0.2200 0.0028
28.4000 0.2400 0.0031
28.4000 0.2600 0.0033
28.4000 0.2800 0.0036
28.4000 0.3000 0.0039
28.4000 0.3200 0.0042
28.4000 0.3400 0.0044
28.4000 0.3600 0.0047
28.4000 0.3800 0.0050
28.4000 0.4000 0.0053
28.4000 0.4200 0.0055
28.4000 0.4400 0.0058
28.4000 0.4600 0.0061
28.4000 0.4800 0.0064
28.4000 0.5000 0.0066
28.4000 0.5200 0.0069
28.4000 0.5400 0.0072
28.4000 0.5600 0.0075
28.4000 0.5800 0.0077
28.6000 0.1600 0.0020
28.6000 0.1800 0.0023
28.6000 0.2000 0.0025
28.6000 0.2200 0.0028
28.6000 0.2400 0.0031
28.6000 0.2600 0.0033
28.6000 0.2800 0.0036
28.6000 0.3000 0.0039
28.6000 0.3200 0.0041
28.6000 0.3400 0.0044
28.6000 0.3600 0.0047
28.6000 0.3800 0.0050
28.6000 0.4000 0.0052
28.6000 0.4200 0.0055
28.6000 0.4400 0.0058
28.6000 0.4600 0.0061
28.6000 0.4800 0.0063
28.6000 0.5000 0.0066
28.6000 0.5200 0.0069
28.6000 0.5400 0.0072
28.6000 0.5600 0.0074
28.6000 0.5800 0.0077
28.8000 0.1600 0.0020
28.8000 0.1800 0.0023
28.8000 0.2000 0.0025
28.8000 0.2200 0.0028
28.8000 0.2400 0.0030
28.8000 0.2600 0.0033
28.8000 0.2800 0.0036
28.8000 0.3000 0.0038
28.8000 0.3200 0.0041
28.8000 0.3400 0.0044
28.8000 0.3600 0.0047
28.8000 0.3800 0.0049
28.8000 0.4000 0.0052
28.8000 0.4200 0.0055
28.8000 0.4400 0.0058
28.8000 0.4600 0.0060
28.8000 0.4800 0.0063
28.8000 0.5000 0.0066
28.8000 0.5200 0.0069
28.8000 0.5400 0.0071
28.8000 0.5600 0.0074
28.8000 0.5800 0.0077
29.0000 0.1600 0.0020
29.0000 0.1800 0.0022
29.0000 0.2000 0.0025
29.0000 0.2200 0.0028
29.0000 0.2400 0.0030
29.0000 0.2600 0.0033
29.0000 0.2800 0.0036
29.0000 0.3000 0.0038
29.0000 0.3200 0.0041
29.0000 0.3400 0.0044
29.0000 0.3600 0.0046
29.0000 0.3800 0.0049
29.0000 0.4000 0.0052
29.0000 0.4200 0.0055
29.0000 0.4400 0.0057
29.0000 0.4600 0.0060
29.0000 0.4800 0.0063
29.0000 0.5000 0.0066
29.0000 0.5200 0.0068
29.0000 0.5400 0.0071
29.0000 0.5600 0.0074
29.0000 0.5800 0.0077
29.2000 0.1600 0.0020
29.2000 0.1800 0.0022
29.2000 0.2000 0.0025
29.2000 0.2200 0.0027
29.2000 0.2400 0.0030
29.2000 0.2600 0.0033
29.2000 0.2800 0.0035
29.2000 0.3000 0.0038
29.2000 0.3200 0.0041
29.2000 0.3400 0.0043
29.2000 0.3600 0.0046
29.2000 0.3800 0.0049
29.2000 0.4000 0.0052
29.2000 0.4200 0.0054
29.2000 0.4400 0.0057
29.2000 0.4600 0.0060
29.2000 0.4800 0.0063
29.2000 0.5000 0.0065
29.2000 0.5200 0.0068
29.2000 0.5400 0.0071
29.2000 0.5600 0.0074
29.2000 0.5800 0.0076
29.4000 0.1600 0.0020
29.4000 0.1800 0.0022
29.4000 0.2000 0.0025
29.4000 0.2200 0.0027
29.4000 0.2400 0.0030
29.4000 0.2600 0.0033
29.4000 0.2800 0.0035
29.4000 0.3000 0.0038
29.4000 0.3200 0.0041
29.4000 0.3400 0.0043
29.4000 0.3600 0.0046
29.4000 0.3800 0.0049
29.4000 0.4000 0.0051
29.4000 0.4200 0.0054
29.4000 0.4400 0.0057
29.4000 0.4600 0.0060
29.4000 0.4800 0.0062
29.4000 0.5000 0.0065
29.4000 0.5200 0.0068
29.4000 0.5400 0.0071
29.4000 0.5600 0.0073
29.4000 0.5800 0.0076
29.6000 0.1600 0.0019
29.6000 0.1800 0.0022
29.6000 0.2000 0.0025
29.6000 0.2200 0.0027
29.6000 0.2400 0.0030
29.6000 0.2600 0.0032
29.6000 0.2800 0.0035
29.6000 0.3000 0.0038
29.6000 0.3200 0.0040
29.6000 0.3400 0.0043
29.6000 0.3600 0.0046
29.6000 0.3800 0.0049
29.6000 0.4000 0.0051
29.6000 0.4200 0.0054
29.6000 0.4400 0.0057
29.6000 0.4600 0.0059
29.6000 0.4800 0.0062
29.6000 0.5000 0.0065
29.6000 0.5200 0.0068
29.6000 0.5400 0.0070
29.6000 0.5600 0.0073
29.6000 0.5800 0.0076
29.8000 0.1600 0.0019
29.8000 0.1800 0.0022
29.8000 0.2000 0.0024
29.8000 0.2200 0.0027
29.8000 0.2400 0.0030
29.8000 0.2600 0.0032
29.8000 0.2800 0.0035
29.8000 0.3000 0.0038
29.8000 0.3200 0.0040
29.8000 0.3400 0.0043
29.8000 0.3600 0.0046
29.8000 0.3800 0.0048
29.8000 0.4000 0.0051
29.8000 0.4200 0.0054
29.8000 0.4400 0.0056
29.8000 0.4600 0.0059
29.8000 0.4800 0.0062
29.8000 0.5000 0.0065
29.8000 0.5200 0.0067
29.8000 0.5400 0.0070
29.8000 0.5600 0.0073
29.8000 0.5800 0.0076
30.0000 0.1600 0.0019
30.0000 0.1800 0.0022
30.0000 0.2000 0.0024
30.0000 0.2200 0.0027
30.0000 0.2400 0.0029
30.0000 0.2600 0.0032
30.0000 0.2800 0.0035
30.0000 0.3000 0.0037
30.0000 0.3200 0.0040
30.0000 0.3400 0.0043
30.0000 0.3600 0.0045
30.0000 0.3800 0.0048
30.0000 0.4000 0.0051
30.0000 0.4200 0.0054
30.0000 0.4400 0.0056
30.0000 0.4600 0.0059
30.0000 0.4800 0.0062
30.0000 0.5000 0.0064
30.0000 0.5200 0.0067
30.0000 0.5400 0.0070
30.0000 0.5600 0.0073
30.0000 0.5800 0.0076
30.2000 0.1600 0.0019
30.2000 0.1800 0.0021
30.2000 0.2000 0.0024
30.2000 0.2200 0.0027
30.2000 0.2400 0.0029
30.2000 0.2600 0.0032
30.2000 0.2800 0.0035
30.2000 0.3000 0.0037
30.2000 0.3200 0.0040
30.2000 0.3400 0.0043
30.2000 0.3600 0.0045
30.2000 0.3800 0.0048
30.2000 0.4000 0.0051
30.2000 0.4200 0.0053
30.2000 0.4400 0.0056
30.2000 0.4600 0.0059
30.2000 0.4800 0.0062
30.2000 0.5000 0.0064
30.2000 0.5200 0.0067
30.2000 0.5400 0.0070
30.2000 0.5600 0.0073
30.2000 0.5800 0.0075
30.4000 0.1600 0.0019
30.4000 0.1800 0.0021
30.4000 0.2000 0.0024
30.4000 0.2200 0.0027
30.4000 0.2400 0.0029
30.4000 0.2600 0.0032
30.4000 0.2800 0.0034
30.4000 0.3000 0.0037
30.4000 0.3200 0.0040
30.4000 0.3400 0.0042
30.4000 0.3600 0.0045
30.4000 0.3800 0.0048
30.4000 0.4000 0.0050
30.4000 0.4200 0.0053
30.4000 0.4400 0.0056
30.4000 0.4600 0.0059
30.4000 0.4800 0.0061
30.4000 0.5000 0.0064
30.4000 0.5200 0.0067
30.4000 0.5400 0.0070
30.4000 0.5600 0.0072
30.4000 0.5800 0.0075
30.6000 0.1600 0.0019
30.6000 0.1800 0.0021
30.6000 0.2000 0.0024
30.6000 0.2200 0.0026
30.6000 0.2400 0.0029
30.6000 0.2600 0.0032
30.6000 0.2800 0.0034
30.6000 0.3000 0.0037
30.6000 0.3200 0.0040
30.6000 0.3400 0.0042
30.6000 0.3600 0.0045
30.6000 0.3800 0.0048
30.6000 0.4000 0.0050
30.6000 0.4200 0.0053
30.6000 0.4400 0.0056
30.6000 0.4600 0.0058
30.6000 0.4800 0.0061
30.6000 0.5000 0.0064
30.6000 0.5200 0.0067
30.6000 0.5400 0.0069
30.6000 0.5600 0.0072
30.6000 0.5800 0.0075
30.8000 0.1600 0.0019
30.8000 0.1800 0.0021
30.8000 0.2000 0.0024
30.8000 0.2200 0.0026
30.8000 0.2400 0.0029
30.8000 0.2600 0.0031
30.8000 0.2800 0.0034
30.8000 0.3000 0.0037
30.8000 0.3200 0.0039
30.8000 0.3400 0.0042
30.8000 0.3600 0.0045
30.8000 0.3800 0.0047
30.8000 0.4000 0.0050
30.8000 0.4200 0.0053
30.8000 0.4400 0.0055
30.8000 0.4600 0.0058
30.8000 0.4800 0.0061
30.8000 0.5000 0.0064
30.8000 0.5200 0.0066
30.8000 0.5400 0.0069
30.8000 0.5600 0.0072
30.8000 0.5800 0.0075
31.0000 0.1600 0.0018
31.0000 0.1800 0.0021
31.0000 0.2000 0.0023
31.0000 0.2200 0.0026
31.0000 0.2400 0.0029
31.0000 0.2600 0.0031
31.0000 0.2800 0.0034
31.0000 0.3000 0.0037
31.0000 0.3200 0.0039
31.0000 0.3400 0.0042
31.0000 0.3600 0.0045
31.0000 0.3800 0.0047
31.0000 0.4000 0.0050
31.0000 0.4200 0.0053
31.0000 0.4400 0.0055
31.0000 0.4600 0.0058
31.0000 0.4800 0.0061
31.0000 0.5000 0.0063
31.0000 0.5200 0.0066
31.0000 0.5400 0.0069
31.0000 0.5600 0.0072
31.0000 0.5800 0.0074
31.2000 0.1600 0.0018
31.2000 0.1800 0.0021
31.2000 0.2000 0.0023
31.2000 0.2200 0.0026
31.2000 0.2400 0.0028
31.2000 0.2600 0.0031
31.2000 0.2800 0.0034
31.2000 0.3000 0.0036
31.2000 0.3200 0.0039
31.2000 0.3400 0.0042
31.2000 0.3600 0.0044
31.2000 0.3800 0.0047
31.2000 0.4000 0.0050
31.2000 0.4200 0.0052
31.2000 0.4400 0.0055
31.2000 0.4600 0.0058
31.2000 0.4800 0.0061
31.2000 0.5000 0.0063
31.2000 0.5200 0.0066
31.2000 0.5400 0.0069
31.2000 0.5600 0.0071
31.2000 0.5800 0.0074
31.4000 0.1600 0.0018
31.4000 0.1800 0.0021
31.4000 0.2000 0.0023
31.4000 0.2200 0.0026
31.4000 0.2400 0.0028
31.4000 0.2600 0.0031
31.4000 0.2800 0.0034
31.4000 0.3000 0.0036
31.4000 0.3200 0.0039
31.4000 0.3400 0.0041
31.4000 0.3600 0.0044
31.4000 0.3800 0.0047
31.4000 0.4000 0.0050
31.4000 0.4200 0.0052
31.4000 0.4400 0.0055
31.4000 0.4600 0.0058
31.4000 0.4800 0.0060
31.4000 0.5000 0.0063
31.4000 0.5200 0.0066
31.4000 0.5400 0.0069
31.4000 0.5600 0.0071
31.4000 0.5800 0.0074
31.6000 0.1600 0.0018
31.6000 0.1800 0.0021
31.6000 0.2000 0.0023
31.6000 0.2200 0.0026
31.6000 0.2400 0.0028
31.6000 0.2600 0.0031
31.6000 0.2800 0.0033
31.6000 0.3000 0.0036
31.6000 0.3200 0.0039
31.6000 0.3400 0.0041
31.6000 0.3600 0.0044
31.6000 0.3800 0.0047
31.6000 0.4000 0.0049
31.6000 0.4200 0.0052
31.6000 0.4400 0.0055
31.6000 0.4600 0.0057
31.6000 0.4800 0.0060
31.6000 0.5000 0.0063
31.6000 0.5200 0.0066
31.6000 0.5400 0.0068
31.6000 0.5600 0.0071
31.6000 0.5800 0.0074
31.8000 0.1600 0.0018
31.8000 0.1800 0.0020
31.8000 0.2000 0.0023
31.8000 0.2200 0.0025
31.8000 0.2400 0.0028
31.8000 0.2600 0.0031
31.8000 0.2800 0.0033
31.8000 0.3000 0.0036
31.8000 0.3200 0.0039
31.8000 0.3400 0.0041
31.8000 0.3600 0.0044
31.8000 0.3800 0.0046
31.8000 0.4000 0.0049
31.8000 0.4200 0.0052
31.8000 0.4400 0.0055
31.8000 0.4600 0.0057
31.8000 0.4800 0.0060
31.8000 0.5000 0.0063
31.8000 0.5200 0.0065
31.8000 0.5400 0.0068
31.8000 0.5600 0.0071
31.8000 0.5800 0.0074
32.0000 0.1600 0.0018
32.0000 0.1800 0.0020
32.0000 0.2000 0.0023
32.0000 0.2200 0.0025
32.0000 0.2400 0.0028
32.0000 0.2600 0.0031
32.0000 0.2800 0.0033
32.0000 0.3000 0.0036
32.0000 0.3200 0.0038
32.0000 0.3400 0.0041
32.0000 0.3600 0.0044
32.0000 0.3800 0.0046
32.0000 0.4000 0.0049
32.0000 0.4200 0.0052
32.0000 0.4400 0.0054
32.0000 0.4600 0.0057
32.0000 0.4800 0.0060
32.0000 0.5000 0.0062
32.0000 0.5200 0.0065
32.0000 0.5400 0.0068
32.0000 0.5600 0.0071
32.0000 0.5800 0.0073
32.2000 0.1600 0.0018
32.2000 0.1800 0.0020
32.2000 0.2000 0.0023
32.2000 0.2200 0.0025
32.2000 0.2400 0.0028
32.2000 0.2600 0.0030
32.2000 0.2800 0.0033
32.2000 0.3000 0.0036
32.2000 0.3200 0.0038
32.2000 0.3400 0.0041
32.2000 0.3600 0.0043
32.2000 0.3800 0.0046
32.2000 0.4000 0.0049
32.2000 0.4200 0.0052
32.2000 0.4400 0.0054
32.2000 0.4600 0.0057
32.2000 0.4800 0.0060
32.2000 0.5000 0.0062
32.2000 0.5200 0.0065
32.2000 0.5400 0.0068
32.2000 0.5600 0.0070
32.2000 0.5800 0.0073
32.4000 0.1600 0.0018
32.4000 0.1800 0.0020
32.4000 0.2000 0.0023
32.4000 0.2200 0.0025
32.4000 0.2400 0.0028
32.4000 0.2600 0.0030
32.4000 0.2800 0.0033
32.4000 0.3000 0.0035
32.4000 0.3200 0.0038
32.4000 0.3400 0.0041
32.4000 0.3600 0.0043
32.4000 0.3800 0.0046
32.4000 0.4000 0.0049
32.4000 0.4200 0.0051
32.4000 0.4400 0.0054
32.4000 0.4600 0.0057
32.4000 0.4800 0.0059
32.4000 0.5000 0.0062
32.4000 0.5200 0.0065
32.4000 0.5400 0.0068
32.4000 0.5600 0.0070
32.4000 0.5800 0.0073
32.6000 0.1600 0.0017
32.6000 0.1800 0.0020
32.6000 0.2000 0.0022
32.6000 0.2200 0.0025
32.6000 0.2400 0.0028
32.6000 0.2600 0.0030
32.6000 0.2800 0.0033
32.6000 0.3000 0.0035
32.6000 0.3200 0.0038
32.6000 0.3400 0.0041
32.6000 0.3600 0.0043
32.6000 0.3800 0.0046
32.6000 0.4000 0.0048
32.6000 0.4200 0.0051
32.6000 0.4400 0.0054
32.6000 0.4600 0.0057
32.6000 0.4800 0.0059
32.6000 0.5000 0.0062
32.6000 0.5200 0.0065
32.6000 0.5400 0.0067
32.6000 0.5600 0.0070
32.6000 0.5800 0.0073
32.8000 0.1600 0.0017
32.8000 0.1800 0.0020
32.8000 0.2000 0.0022
32.8000 0.2200 0.0025
32.8000 0.2400 0.0027
32.8000 0.2600 0.0030
32.8000 0.2800 0.0033
32.8000 0.3000 0.0035
32.8000 0.3200 0.0038
32.8000 0.3400 0.0040
32.8000 0.3600 0.0043
32.8000 0.3800 0.0046
32.8000 0.4000 0.0048
32.8000 0.4200 0.0051
32.8000 0.4400 0.0054
32.8000 0.4600 0.0056
32.8000 0.4800 0.0059
32.8000 0.5000 0.0062
32.8000 0.5200 0.0064
32.8000 0.5400 0.0067
32.8000 0.5600 0.0070
32.8000 0.5800 0.0073
33.0000 0.1600 0.0017
33.0000 0.1800 0.0020
33.0000 0.2000 0.0022
33.0000 0.2200 0.0025
33.0000 0.2400 0.0027
33.0000 0.2600 0.0030
33.0000 0.2800 0.0032
33.0000 0.3000 0.0035
33.0000 0.3200 0.0038
33.0000 0.3400 0.0040
33.0000 0.3600 0.0043
33.0000 0.3800 0.0046
33.0000 0.4000 0.0048
33.0000 0.4200 0.0051
33.0000 0.4400 0.0054
33.0000 0.4600 0.0056
33.0000 0.4800 0.0059
33.0000 0.5000 0.0062
33.0000 0.5200 0.0064
33.0000 0.5400 0.0067
33.0000 0.5600 0.0070
33.0000 0.5800 0.0072
33.2000 0.1600 0.0017
33.2000 0.1800 0.0020
33.2000 0.2000 0.0022
33.2000 0.2200 0.0025
33.2000 0.2400 0.0027
33.2000 0.2600 0.0030
33.2000 0.2800 0.0032
33.2000 0.3000 0.0035
33.2000 0.3200 0.0037
33.2000 0.3400 0.0040
33.2000 0.3600 0.0043
33.2000 0.3800 0.0045
33.2000 0.4000 0.0048
33.2000 0.4200 0.0051
33.2000 0.4400 0.0053
33.2000 0.4600 0.0056
33.2000 0.4800 0.0059
33.2000 0.5000 0.0061
33.2000 0.5200 0.0064
33.2000 0.5400 0.0067
33.2000 0.5600 0.0070
33.2000 0.5800 0.0072
33.4000 0.1600 0.0017
33.4000 0.1800 0.0019
33.4000 0.2000 0.0022
33.4000 0.2200 0.0024
33.4000 0.2400 0.0027
33.4000 0.2600 0.0030
33.4000 0.2800 0.0032
33.4000 0.3000 0.0035
33.4000 0.3200 0.0037
33.4000 0.3400 0.0040
33.4000 0.3600 0.0043
33.4000 0.3800 0.0045
33.4000 0.4000 0.0048
33.4000 0.4200 0.0051
33.4000 0.4400 0.0053
33.4000 0.4600 0.0056
33.4000 0.4800 0.0059
33.4000 0.5000 0.0061
33.4000 0.5200 0.0064
33.4000 0.5400 0.0067
33.4000 0.5600 0.0069
33.4000 0.5800 0.0072
33.6000 0.1600 0.0017
33.6000 0.1800 0.0019
33.6000 0.2000 0.0022
33.6000 0.2200 0.0024
33.6000 0.2400 0.0027
33.6000 0.2600 0.0029
33.6000 0.2800 0.0032
33.6000 0.3000 0.0035
33.6000 0.3200 0.0037
33.6000 0.3400 0.0040
33.6000 0.3600 0.0042
33.6000 0.3800 0.0045
33.6000 0.4000 0.0048
33.6000 0.4200 0.0050
33.6000 0.4400 0.0053
33.6000 0.4600 0.0056
33.6000 0.4800 0.0058
33.6000 0.5000 0.0061
33.6000 0.5200 0.0064
33.6000 0.5400 0.0066
33.6000 0.5600 0.0069
33.6000 0.5800 0.0072
33.8000 0.1600 0.0017
33.8000 0.1800 0.0019
33.8000 0.2000 0.0022
33.8000 0.2200 0.0024
33.8000 0.2400 0.0027
33.8000 0.2600 0.0029
33.8000 0.2800 0.0032
33.8000 0.3000 0.0034
33.8000 0.3200 0.0037
33.8000 0.3400 0.0040
33.8000 0.3600 0.0042
33.8000 0.3800 0.0045
33.8000 0.4000 0.0048
33.8000 0.4200 0.0050
33.8000 0.4400 0.0053
33.8000 0.4600 0.0056
33.8000 0.4800 0.0058
33.8000 0.5000 0.0061
33.8000 0.5200 0.0064
33.8000 0.5400 0.0066
33.8000 0.5600 0.0069
33.8000 0.5800 0.0072
34.0000 0.1600 0.0017
34.0000 0.1800 0.0019
34.0000 0.2000 0.0022
34.0000 0.2200 0.0024
34.0000 0.2400 0.0027
34.0000 0.2600 0.0029
34.0000 0.2800 0.0032
34.0000 0.3000 0.0034
34.0000 0.3200 0.0037
34.0000 0.3400 0.0039
34.0000 0.3600 0.0042
34.0000 0.3800 0.0045
34.0000 0.4000 0.0047
34.0000 0.4200 0.0050
34.0000 0.4400 0.0053
34.0000 0.4600 0.0055
34.0000 0.4800 0.0058
34.0000 0.5000 0.0061
34.0000 0.5200 0.0063
34.0000 0.5400 0.0066
34.0000 0.5600 0.0069
34.0000 0.5800 0.0072
34.2000 0.1600 0.0017
34.2000 0.1800 0.0019
34.2000 0.2000 0.0021
34.2000 0.2200 0.0024
34.2000 0.2400 0.0026
34.2000 0.2600 0.0029
34.2000 0.2800 0.0032
34.2000 0.3000 0.0034
34.2000 0.3200 0.0037
34.2000 0.3400 0.0039
34.2000 0.3600 0.0042
34.2000 0.3800 0.0045
34.2000 0.4000 0.0047
34.2000 0.4200 0.0050
34.2000 0.4400 0.0053
34.2000 0.4600 0.0055
34.2000 0.4800 0.0058
34.2000 0.5000 0.0061
34.2000 0.5200 0.0063
34.2000 0.5400 0.0066
34.2000 0.5600 0.0069
34.2000 0.5800 0.0071
34.4000 0.1600 0.0016
34.4000 0.1800 0.0019
34.4000 0.2000 0.0021
34.4000 0.2200 0.0024
34.4000 0.2400 0.0026
34.4000 0.2600 0.0029
34.4000 0.2800 0.0031
34.4000 0.3000 0.0034
34.4000 0.3200 0.0037
34.4000 0.3400 0.0039
34.4000 0.3600 0.0042
34.4000 0.3800 0.0044
34.4000 0.4000 0.0047
34.4000 0.4200 0.0050
34.4000 0.4400 0.0052
34.4000 0.4600 0.0055
34.4000 0.4800 0.0058
34.4000 0.5000 0.0060
34.4000 0.5200 0.0063
34.4000 0.5400 0.0066
34.4000 0.5600 0.0069
34.4000 0.5800 0.0071
34.6000 0.1600 0.0016
34.6000 0.1800 0.0019
34.6000 0.2000 0.0021
34.6000 0.2200 0.0024
34.6000 0.2400 0.0026
34.6000 0.2600 0.0029
34.6000 0.2800 0.0031
34.6000 0.3000 0.0034
34.6000 0.3200 0.0036
34.6000 0.3400 0.0039
34.6000 0.3600 0.0042
34.6000 0.3800 0.0044
34.6000 0.4000 0.0047
34.6000 0.4200 0.0050
34.6000 0.4400 0.0052
34.6000 0.4600 0.0055
34.6000 0.4800 0.0058
34.6000 0.5000 0.0060
34.6000 0.5200 0.0063
34.6000 0.5400 0.0066
34.6000 0.5600 0.0068
34.6000 0.5800 0.0071
34.8000 0.1600 0.0016
34.8000 0.1800 0.0019
34.8000 0.2000 0.0021
34.8000 0.2200 0.0024
34.8000 0.2400 0.0026
34.8000 0.2600 0.0029
34.8000 0.2800 0.0031
34.8000 0.3000 0.0034
34.8000 0.3200 0.0036
34.8000 0.3400 0.0039
34.8000 0.3600 0.0042
34.8000 0.3800 0.0044
34.8000 0.4000 0.0047
34.8000 0.4200 0.0049
34.8000 0.4400 0.0052
34.8000 0.4600 0.0055
34.8000 0.4800 0.0057
34.8000 0.5000 0.0060
34.8000 0.5200 0.0063
34.8000 0.5400 0.0065
34.8000 0.5600 0.0068
34.8000 0.5800 0.0071
35.0000 0.1600 0.0016
35.0000 0.1800 0.0019
35.0000 0.2000 0.0021
35.0000 0.2200 0.0023
35.0000 0.2400 0.0026
35.0000 0.2600 0.0029
35.0000 0.2800 0.0031
35.0000 0.3000 0.0034
35.0000 0.3200 0.0036
35.0000 0.3400 0.0039
35.0000 0.3600 0.0041
35.0000 0.3800 0.0044
35.0000 0.4000 0.0047
35.0000 0.4200 0.0049
35.0000 0.4400 0.0052
35.0000 0.4600 0.0055
35.0000 0.4800 0.0057
35.0000 0.5000 0.0060
35.0000 0.5200 0.0063
35.0000 0.5400 0.0065
35.0000 0.5600 0.0068
35.0000 0.5800 0.0071
35.2000 0.1600 0.0016
35.2000 0.1800 0.0018
35.2000 0.2000 0.0021
35.2000 0.2200 0.0023
35.2000 0.2400 0.0026
35.2000 0.2600 0.0028
35.2000 0.2800 0.0031
35.2000 0.3000 0.0033
35.2000 0.3200 0.0036
35.2000 0.3400 0.0039
35.2000 0.3600 0.0041
35.2000 0.3800 0.0044
35.2000 0.4000 0.0047
35.2000 0.4200 0.0049
35.2000 0.4400 0.0052
35.2000 0.4600 0.0054
35.2000 0.4800 0.0057
35.2000 0.5000 0.0060
35.2000 0.5200 0.0062
35.2000 0.5400 0.0065
35.2000 0.5600 0.0068
35.2000 0.5800 0.0071
35.4000 0.1600 0.0016
35.4000 0.1800 0.0018
35.4000 0.2000 0.0021
35.4000 0.2200 0.0023
35.4000 0.2400 0.0026
35.4000 0.2600 0.0028
35.4000 0.2800 0.0031
35.4000 0.3000 0.0033
35.4000 0.3200 0.0036
35.4000 0.3400 0.0039
35.4000 0.3600 0.0041
35.4000 0.3800 0.0044
35.4000 0.4000 0.0046
35.4000 0.4200 0.0049
35.4000 0.4400 0.0052
35.4000 0.4600 0.0054
35.4000 0.4800 0.0057
35.4000 0.5000 0.0060
35.4000 0.5200 0.0062
35.4000 0.5400 0.0065
35.4000 0.5600 0.0068
35.4000 0.5800 0.0070
35.6000 0.1600 0.0016
35.6000 0.1800 0.0018
35.6000 0.2000 0.0021
35.6000 0.2200 0.0023
35.6000 0.2400 0.0026
35.6000 0.2600 0.0028
35.6000 0.2800 0.0031
35.6000 0.3000 0.0033
35.6000 0.3200 0.0036
35.6000 0.3400 0.0038
35.6000 0.3600 0.0041
35.6000 0.3800 0.0044
35.6000 0.4000 0.0046
35.6000 0.4200 0.0049
35.6000 0.4400 0.0052
35.6000 0.4600 0.0054
35.6000 0.4800 0.0057
35.6000 0.5000 0.0060
35.6000 0.5200 0.0062
35.6000 0.5400 0.0065
35.6000 0.5600 0.0068
35.6000 0.5800 0.0070
35.8000 0.1600 0.0016
35.8000 0.1800 0.0018
35.8000 0.2000 0.0021
35.8000 0.2200 0.0023
35.8000 0.2400 0.0026
35.8000 0.2600 0.0028
35.8000 0.2800 0.0031
35.8000 0.3000 0.0033
35.8000 0.3200 0.0036
35.8000 0.3400 0.0038
35.8000 0.3600 0.0041
35.8000 0.3800 0.0043
35.8000 0.4000 0.0046
35.8000 0.4200 0.0049
35.8000 0.4400 0.0051
35.8000 0.4600 0.0054
35.8000 0.4800 0.0057
35.8000 0.5000 0.0059
35.8000 0.5200 0.0062
35.8000 0.5400 0.0065
35.8000 0.5600 0.0067
35.8000 0.5800 0.0070
36.0000 0.1600 0.0016
36.0000 0.1800 0.0018
36.0000 0.2000 0.0020
36.0000 0.2200 0.0023
36.0000 0.2400 0.0025
36.0000 0.2600 0.0028
36.0000 0.2800 0.0030
36.0000 0.3000 0.0033
36.0000 0.3200 0.0036
36.0000 0.3400 0.0038
36.0000 0.3600 0.0041
36.0000 0.3800 0.0043
36.0000 0.4000 0.0046
36.0000 0.4200 0.0049
36.0000 0.4400 0.0051
36.0000 0.4600 0.0054
36.0000 0.4800 0.0057
36.0000 0.5000 0.0059
36.0000 0.5200 0.0062
36.0000 0.5400 0.0065
36.0000 0.5600 0.0067
36.0000 0.5800 0.0070
36.2000 0.1600 0.0016
36.2000 0.1800 0.0018
36.2000 0.2000 0.0020
36.2000 0.2200 0.0023
36.2000 0.2400 0.0025
36.2000 0.2600 0.0028
36.2000 0.2800 0.0030
36.2000 0.3000 0.0033
36.2000 0.3200 0.0035
36.2000 0.3400 0.0038
36.2000 0.3600 0.0041
36.2000 0.3800 0.0043
36.2000 0.4000 0.0046
36.2000 0.4200 0.0048
36.2000 0.4400 0.0051
36.2000 0.4600 0.0054
36.2000 0.4800 0.0056
36.2000 0.5000 0.0059
36.2000 0.5200 0.0062
36.2000 0.5400 0.0064
36.2000 0.5600 0.0067
36.2000 0.5800 0.0070
36.4000 0.1600 0.0016
36.4000 0.1800 0.0018
36.4000 0.2000 0.0020
36.4000 0.2200 0.0023
36.4000 0.2400 0.0025
36.4000 0.2600 0.0028
36.4000 0.2800 0.0030
36.4000 0.3000 0.0033
36.4000 0.3200 0.0035
36.4000 0.3400 0.0038
36.4000 0.3600 0.0040
36.4000 0.3800 0.0043
36.4000 0.4000 0.0046
36.4000 0.4200 0.0048
36.4000 0.4400 0.0051
36.4000 0.4600 0.0054
36.4000 0.4800 0.0056
36.4000 0.5000 0.0059
36.4000 0.5200 0.0062
36.4000 0.5400 0.0064
36.4000 0.5600 0.0067
36.4000 0.5800 0.0070
36.6000 0.1600 0.0015
36.6000 0.1800 0.0018
36.6000 0.2000 0.0020
36.6000 0.2200 0.0023
36.6000 0.2400 0.0025
36.6000 0.2600 0.0028
36.6000 0.2800 0.0030
36.6000 0.3000 0.0033
36.6000 0.3200 0.0035
36.6000 0.3400 0.0038
36.6000 0.3600 0.0040
36.6000 0.3800 0.0043
36.6000 0.4000 0.0046
36.6000 0.4200 0.0048
36.6000 0.4400 0.0051
36.6000 0.4600 0.0053
36.6000 0.4800 0.0056
36.6000 0.5000 0.0059
36.6000 0.5200 0.0061
36.6000 0.5400 0.0064
36.6000 0.5600 0.0067
36.6000 0.5800 0.0070
36.8000 0.1600 0.0015
36.8000 0.1800 0.0018
36.8000 0.2000 0.0020
36.8000 0.2200 0.0023
36.8000 0.2400 0.0025
36.8000 0.2600 0.0027
36.8000 0.2800 0.0030
36.8000 0.3000 0.0033
36.8000 0.3200 0.0035
36.8000 0.3400 0.0038
36.8000 0.3600 0.0040
36.8000 0.3800 0.0043
36.8000 0.4000 0.0045
36.8000 0.4200 0.0048
36.8000 0.4400 0.0051
36.8000 0.4600 0.0053
36.8000 0.4800 0.0056
36.8000 0.5000 0.0059
36.8000 0.5200 0.0061
36.8000 0.5400 0.0064
36.8000 0.5600 0.0067
36.8000 0.5800 0.0069
37.0000 0.1600 0.0015
37.0000 0.1800 0.0018
37.0000 0.2000 0.0020
37.0000 0.2200 0.0022
37.0000 0.2400 0.0025
37.0000 0.2600 0.0027
37.0000 0.2800 0.0030
37.0000 0.3000 0.0032
37.0000 0.3200 0.0035
37.0000 0.3400 0.0038
37.0000 0.3600 0.0040
37.0000 0.3800 0.0043
37.0000 0.4000 0.0045
37.0000 0.4200 0.0048
37.0000 0.4400 0.0051
37.0000 0.4600 0.0053
37.0000 0.4800 0.0056
37.0000 0.5000 0.0059
37.0000 0.5200 0.0061
37.0000 0.5400 0.0064
37.0000 0.5600 0.0067
37.0000 0.5800 0.0069
37.2000 0.1600 0.0015
37.2000 0.1800 0.0018
37.2000 0.2000 0.0020
37.2000 0.2200 0.0022
37.2000 0.2400 0.0025
37.2000 0.2600 0.0027
37.2000 0.2800 0.0030
37.2000 0.3000 0.0032
37.2000 0.3200 0.0035
37.2000 0.3400 0.0037
37.2000 0.3600 0.0040
37.2000 0.3800 0.0043
37.2000 0.4000 0.0045
37.2000 0.4200 0.0048
37.2000 0.4400 0.0050
37.2000 0.4600 0.0053
37.2000 0.4800 0.0056
37.2000 0.5000 0.0058
37.2000 0.5200 0.0061
37.2000 0.5400 0.0064
37.2000 0.5600 0.0066
37.2000 0.5800 0.0069
37.4000 0.1600 0.0015
37.4000 0.1800 0.0017
37.4000 0.2000 0.0020
37.4000 0.2200 0.0022
37.4000 0.2400 0.0025
37.4000 0.2600 0.0027
37.4000 0.2800 0.0030
37.4000 0.3000 0.0032
37.4000 0.3200 0.0035
37.4000 0.3400 0.0037
37.4000 0.3600 0.0040
37.4000 0.3800 0.0042
37.4000 0.4000 0.0045
37.4000 0.4200 0.0048
37.4000 0.4400 0.0050
37.4000 0.4600 0.0053
37.4000 0.4800 0.0056
37.4000 0.5000 0.0058
37.4000 0.5200 0.0061
37.4000 0.5400 0.0064
37.4000 0.5600 0.0066
37.4000 0.5800 0.0069
37.6000 0.1600 0.0015
37.6000 0.1800 0.0017
37.6000 0.2000 0.0020
37.6000 0.2200 0.0022
37.6000 0.2400 0.0025
37.6000 0.2600 0.0027
37.6000 0.2800 0.0030
37.6000 0.3000 0.0032
37.6000 0.3200 0.0035
37.6000 0.3400 0.0037
37.6000 0.3600 0.0040
37.6000 0.3800 0.0042
37.6000 0.4000 0.0045
37.6000 0.4200 0.0048
37.6000 0.4400 0.0050
37.6000 0.4600 0.0053
37.6000 0.4800 0.0055
37.6000 0.5000 0.0058
37.6000 0.5200 0.0061
37.6000 0.5400 0.0063
37.6000 0.5600 0.0066
37.6000 0.5800 0.0069
37.8000 0.1600 0.0015
37.8000 0.1800 0.0017
37.8000 0.2000 0.0020
37.8000 0.2200 0.0022
37.8000 0.2400 0.0024
37.8000 0.2600 0.0027
37.8000 0.2800 0.0029
37.8000 0.3000 0.0032
37.8000 0.3200 0.0034
37.8000 0.3400 0.0037
37.8000 0.3600 0.0040
37.8000 0.3800 0.0042
37.8000 0.4000 0.0045
37.8000 0.4200 0.0047
37.8000 0.4400 0.0050
37.8000 0.4600 0.0053
37.8000 0.4800 0.0055
37.8000 0.5000 0.0058
37.8000 0.5200 0.0061
37.8000 0.5400 0.0063
37.8000 0.5600 0.0066
37.8000 0.5800 0.0069
38.0000 0.1600 0.0015
38.0000 0.1800 0.0017
38.0000 0.2000 0.0020
38.0000 0.2200 0.0022
38.0000 0.2400 0.0024
38.0000 0.2600 0.0027
38.0000 0.2800 0.0029
38.0000 0.3000 0.0032
38.0000 0.3200 0.0034
38.0000 0.3400 0.0037
38.0000 0.3600 0.0039
38.0000 0.3800 0.0042
38.0000 0.4000 0.0045
38.0000 0.4200 0.0047
38.0000 0.4400 0.0050
38.0000 0.4600 0.0053
38.0000 0.4800 0.0055
38.0000 0.5000 0.0058
38.0000 0.5200 0.0061
38.0000 0.5400 0.0063
38.0000 0.5600 0.0066
38.0000 0.5800 0.0069
38.2000 0.1600 0.0015
38.2000 0.1800 0.0017
38.2000 0.2000 0.0019
38.2000 0.2200 0.0022
38.2000 0.2400 0.0024
38.2000 0.2600 0.0027
38.2000 0.2800 0.0029
38.2000 0.3000 0.0032
38.2000 0.3200 0.0034
38.2000 0.3400 0.0037
38.2000 0.3600 0.0039
38.2000 0.3800 0.0042
38.2000 0.4000 0.0045
38.2000 0.4200 0.0047
38.2000 0.4400 0.0050
38.2000 0.4600 0.0052
38.2000 0.4800 0.0055
38.2000 0.5000 0.0058
38.2000 0.5200 0.0060
38.2000 0.5400 0.0063
38.2000 0.5600 0.0066
38.2000 0.5800 0.0068
38.4000 0.1600 0.0015
38.4000 0.1800 0.0017
38.4000 0.2000 0.0019
38.4000 0.2200 0.0022
38.4000 0.2400 0.0024
38.4000 0.2600 0.0027
38.4000 0.2800 0.0029
38.4000 0.3000 0.0032
38.4000 0.3200 0.0034
38.4000 0.3400 0.0037
38.4000 0.3600 0.0039
38.4000 0.3800 0.0042
38.4000 0.4000 0.0044
38.4000 0.4200 0.0047
38.4000 0.4400 0.0050
38.4000 0.4600 0.0052
38.4000 0.4800 0.0055
38.4000 0.5000 0.0058
38.4000 0.5200 0.0060
38.4000 0.5400 0.0063
38.4000 0.5600 0.0066
38.4000 0.5800 0.0068
38.6000 0.1600 0.0015
38.6000 0.1800 0.0017
38.6000 0.2000 0.0019
38.6000 0.2200 0.0022
38.6000 0.2400 0.0024
38.6000 0.2600 0.0027
38.6000 0.2800 0.0029
38.6000 0.3000 0.0032
38.6000 0.3200 0.0034
38.6000 0.3400 0.0037
38.6000 0.3600 0.0039
38.6000 0.3800 0.0042
38.6000 0.4000 0.0044
38.6000 0.4200 0.0047
38.6000 0.4400 0.0050
38.6000 0.4600 0.0052
38.6000 0.4800 0.0055
38.6000 0.5000 0.0057
38.6000 0.5200 0.0060
38.6000 0.5400 0.0063
38.6000 0.5600 0.0065
38.6000 0.5800 0.0068
38.8000 0.1600 0.0015
38.8000 0.1800 0.0017
38.8000 0.2000 0.0019
38.8000 0.2200 0.0022
38.8000 0.2400 0.0024
38.8000 0.2600 0.0026
38.8000 0.2800 0.0029
38.8000 0.3000 0.0031
38.8000 0.3200 0.0034
38.8000 0.3400 0.0036
38.8000 0.3600 0.0039
38.8000 0.3800 0.0042
38.8000 0.4000 0.0044
38.8000 0.4200 0.0047
38.8000 0.4400 0.0049
38.8000 0.4600 0.0052
38.8000 0.4800 0.0055
38.8000 0.5000 0.0057
38.8000 0.5200 0.0060
38.8000 0.5400 0.0063
38.8000 0.5600 0.0065
38.8000 0.5800 0.0068
39.0000 0.1600 0.0014
39.0000 0.1800 0.0017
39.0000 0.2000 0.0019
39.0000 0.2200 0.0021
39.0000 0.2400 0.0024
39.0000 0.2600 0.0026
39.0000 0.2800 0.0029
39.0000 0.3000 0.0031
39.0000 0.3200 0.0034
39.0000 0.3400 0.0036
39.0000 0.3600 0.0039
39.0000 0.3800 0.0041
39.0000 0.4000 0.0044
39.0000 0.4200 0.0047
39.0000 0.4400 0.0049
39.0000 0.4600 0.0052
39.0000 0.4800 0.0055
39.0000 0.5000 0.0057
39.0000 0.5200 0.0060
39.0000 0.5400 0.0063
39.0000 0.5600 0.0065
39.0000 0.5800 0.0068
39.2000 0.1600 0.0014
39.2000 0.1800 0.0017
39.2000 0.2000 0.0019
39.2000 0.2200 0.0021
39.2000 0.2400 0.0024
39.2000 0.2600 0.0026
39.2000 0.2800 0.0029
39.2000 0.3000 0.0031
39.2000 0.3200 0.0034
39.2000 0.3400 0.0036
39.2000 0.3600 0.0039
39.2000 0.3800 0.0041
39.2000 0.4000 0.0044
39.2000 0.4200 0.0047
39.2000 0.4400 0.0049
39.2000 0.4600 0.0052
39.2000 0.4800 0.0054
39.2000 0.5000 0.0057
39.2000 0.5200 0.0060
39.2000 0.5400 0.0062
39.2000 0.5600 0.0065
39.2000 0.5800 0.0068
39.4000 0.1600 0.0014
39.4000 0.1800 0.0017
39.4000 0.2000 0.0019
39.4000 0.2200 0.0021
39.4000 0.2400 0.0024
39.4000 0.2600 0.0026
39.4000 0.2800 0.0029
39.4000 0.3000 0.0031
39.4000 0.3200 0.0034
39.4000 0.3400 0.0036
39.4000 0.3600 0.0039
39.4000 0.3800 0.0041
39.4000 0.4000 0.0044
39.4000 0.4200 0.0046
39.4000 0.4400 0.0049
39.4000 0.4600 0.0052
39.4000 0.4800 0.0054
39.4000 0.5000 0.0057
39.4000 0.5200 0.0060
39.4000 0.5400 0.0062
39.4000 0.5600 0.0065
39.4000 0.5800 0.0068
39.6000 0.1600 0.0014
39.6000 0.1800 0.0017
39.6000 0.2000 0.0019
39.6000 0.2200 0.0021
39.6000 0.2400 0.0024
39.6000 0.2600 0.0026
39.6000 0.2800 0.0029
39.6000 0.3000 0.0031
39.6000 0.3200 0.0034
39.6000 0.3400 0.0036
39.6000 0.3600 0.0039
39.6000 0.3800 0.0041
39.6000 0.4000 0.0044
39.6000 0.4200 0.0046
39.6000 0.4400 0.0049
39.6000 0.4600 0.0052
39.6000 0.4800 0.0054
39.6000 0.5000 0.0057
39.6000 0.5200 0.0060
39.6000 0.5400 0.0062
39.6000 0.5600 0.0065
39.6000 0.5800 0.0068
39.8000 0.1600 0.0014
39.8000 0.1800 0.0016
39.8000 0.2000 0.0019
39.8000 0.2200 0.0021
39.8000 0.2400 0.0024
39.8000 0.2600 0.0026
39.8000 0.2800 0.0028
39.8000 0.3000 0.0031
39.8000 0.3200 0.0033
39.8000 0.3400 0.0036
39.8000 0.3600 0.0038
39.8000 0.3800 0.0041
39.8000 0.4000 0.0044
39.8000 0.4200 0.0046
39.8000 0.4400 0.0049
39.8000 0.4600 0.0051
39.8000 0.4800 0.0054
39.8000 0.5000 0.0057
39.8000 0.5200 0.0059
39.8000 0.5400 0.0062
39.8000 0.5600 0.0065
39.8000 0.5800 0.0067
