0.0000 0.1600 1.9105
0.0000 0.1800 2.4610
0.0000 0.2000 3.0115
0.0000 0.2200 3.5619
0.0000 0.2400 4.1124
0.0000 0.2600 4.6629
0.0000 0.2800 5.2134
0.0000 0.3000 5.7638
0.0000 0.3200 6.3143
0.0000 0.3400 6.8648
0.0000 0.3600 7.4153
0.0000 0.3800 7.9657
0.0000 0.4000 8.5162
0.0000 0.4200 9.0667
0.0000 0.4400 9.6171
0.0000 0.4600 10.1676
0.0000 0.4800 10.7181
0.0000 0.5000 11.2685
0.0000 0.5200 11.8190
0.0000 0.5400 12.3695
0.0000 0.5600 12.9200
0.0000 0.5800 13.4704
0.2000 0.1600 1.9113
0.2000 0.1800 2.4618
0.2000 0.2000 3.0122
0.2000 0.2200 3.5627
0.2000 0.2400 4.1131
0.2000 0.2600 4.6636
0.2000 0.2800 5.2141
0.2000 0.3000 5.7645
0.2000 0.3200 6.3150
0.2000 0.3400 6.8654
0.2000 0.3600 7.4159
0.2000 0.3800 7.9663
0.2000 0.4000 8.5168
0.2000 0.4200 9.0672
0.2000 0.4400 9.6177
0.2000 0.4600 10.1681
0.2000 0.4800 10.7186
0.2000 0.5000 11.2690
0.2000 0.5200 11.8195
0.2000 0.5400 12.3699
0.2000 0.5600 12.9204
0.2000 0.5800 13.4708
0.4000 0.1600 1.9135
0.4000 0.1800 2.4640
0.4000 0.2000 3.0144
0.4000 0.2200 3.5648
0.4000 0.2400 4.1153
0.4000 0.2600 4.6657
0.4000 0.2800 5.2161
0.4000 0.3000 5.7665
0.4000 0.3200 6.3169
0.4000 0.3400 6.8673
0.4000 0.3600 7.4177
0.4000 0.3800 7.9681
0.4000 0.4000 8.5185
0.4000 0.4200 9.0689
0.4000 0.4400 9.6193
0.4000 0.4600 10.1697
0.4000 0.4800 10.7201
0.4000 0.5000 11.2705
0.4000 0.5200 11.8209
0.4000 0.5400 12.3713
0.4000 0.5600 12.9217
0.4000 0.5800 13.4720
0.6000 0.1600 1.9171
0.6000 0.1800 2.4675
0.6000 0.2000 3.0179
0.6000 0.2200 3.5683
0.6000 0.2400 4.1187
0.6000 0.2600 4.6690
0.6000 0.2800 5.2194
0.6000 0.3000 5.7697
0.6000 0.3200 6.3201
0.6000 0.3400 6.8704
0.6000 0.3600 7.4207
0.6000 0.3800 7.9710
0.6000 0.4000 8.5213
0.6000 0.4200 9.0716
0.6000 0.4400 9.6219
0.6000 0.4600 10.1722
0.6000 0.4800 10.7225
0.6000 0.5000 11.2728
0.6000 0.5200 11.8231
0.6000 0.5400 12.3734
0.6000 0.5600 12.9237
0.6000 0.5800 13.4740
0.8000 0.1600 1.9219
0.8000 0.1800 2.4722
0.8000 0.2000 3.0225
0.8000 0.2200 3.5728
0.8000 0.2400 4.1231
0.8000 0.2600 4.6734
0.8000 0.2800 5.2237
0.8000 0.3000 5.7739
0.8000 0.3200 6.3242
0.8000 0.3400 6.8744
0.8000 0.3600 7.4246
0.8000 0.3800 7.9748
0.8000 0.4000 8.5250
0.8000 0.4200 9.0752
0.8000 0.4400 9.6254
0.8000 0.4600 10.1756
0.8000 0.4800 10.7257
0.8000 0.5000 11.2759
0.8000 0.5200 11.8261
0.8000 0.5400 12.3762
0.8000 0.5600 12.9263
0.8000 0.5800 13.4765
1.0000 0.1600 1.9275
1.0000 0.1800 2.4778
1.0000 0.2000 3.0281
1.0000 0.2200 3.5783
1.0000 0.2400 4.1285
1.0000 0.2600 4.6787
1.0000 0.2800 5.2289
1.0000 0.3000 5.7790
1.0000 0.3200 6.3291
1.0000 0.3400 6.8792
1.0000 0.3600 7.4293
1.0000 0.3800 7.9794
1.0000 0.4000 8.5295
1.0000 0.4200 9.0795
1.0000 0.4400 9.6295
1.0000 0.4600 10.1796
1.0000 0.4800 10.7296
1.0000 0.5000 11.2796
1.0000 0.5200 11.8296
1.0000 0.5400 12.3796
1.0000 0.5600 12.9296
1.0000 0.5800 13.4795
1.2000 0.1600 1.9340
1.2000 0.1800 2.4842
1.2000 0.2000 3.0344
1.2000 0.2200 3.5845
1.2000 0.2400 4.1346
1.2000 0.2600 4.6847
1.2000 0.2800 5.2347
1.2000 0.3000 5.7848
1.2000 0.3200 6.3348
1.2000 0.3400 6.8847
1.2000 0.3600 7.4347
1.2000 0.3800 7.9846
1.2000 0.4000 8.5345
1.2000 0.4200 9.0844
1.2000 0.4400 9.6342
1.2000 0.4600 10.1841
1.2000 0.4800 10.7339
1.2000 0.5000 11.2838
1.2000 0.5200 11.8336
1.2000 0.5400 12.3834
1.2000 0.5600 12.9332
1.2000 0.5800 13.4830
1.4000 0.1600 1.9411
1.4000 0.1800 2.4912
1.4000 0.2000 3.0413
1.4000 0.2200 3.5913
1.4000 0.2400 4.1413
1.4000 0.2600 4.6913
1.4000 0.2800 5.2412
1.4000 0.3000 5.7911
1.4000 0.3200 6.3409
1.4000 0.3400 6.8907
1.4000 0.3600 7.4405
1.4000 0.3800 7.9903
1.4000 0.4000 8.5400
1.4000 0.4200 9.0897
1.4000 0.4400 9.6394
1.4000 0.4600 10.1891
1.4000 0.4800 10.7387
1.4000 0.5000 11.2884
1.4000 0.5200 11.8380
1.4000 0.5400 12.3876
1.4000 0.5600 12.9372
1.4000 0.5800 13.4867
1.6000 0.1600 1.9486
1.6000 0.1800 2.4987
1.6000 0.2000 3.0487
1.6000 0.2200 3.5986
1.6000 0.2400 4.1485
1.6000 0.2600 4.6983
1.6000 0.2800 5.2481
1.6000 0.3000 5.7978
1.6000 0.3200 6.3475
1.6000 0.3400 6.8971
1.6000 0.3600 7.4468
1.6000 0.3800 7.9963
1.6000 0.4000 8.5459
1.6000 0.4200 9.0954
1.6000 0.4400 9.6449
1.6000 0.4600 10.1944
1.6000 0.4800 10.7438
1.6000 0.5000 11.2933
1.6000 0.5200 11.8427
1.6000 0.5400 12.3921
1.6000 0.5600 12.9414
1.6000 0.5800 13.4908
1.8000 0.1600 1.9566
1.8000 0.1800 2.5065
1.8000 0.2000 3.0564
1.8000 0.2200 3.6062
1.8000 0.2400 4.1560
1.8000 0.2600 4.7057
1.8000 0.2800 5.2553
1.8000 0.3000 5.8049
1.8000 0.3200 6.3544
1.8000 0.3400 6.9039
1.8000 0.3600 7.4533
1.8000 0.3800 8.0027
1.8000 0.4000 8.5521
1.8000 0.4200 9.1014
1.8000 0.4400 9.6507
1.8000 0.4600 10.1999
1.8000 0.4800 10.7492
1.8000 0.5000 11.2984
1.8000 0.5200 11.8476
1.8000 0.5400 12.3968
1.8000 0.5600 12.9459
1.8000 0.5800 13.4950
2.0000 0.1600 1.9648
2.0000 0.1800 2.5147
2.0000 0.2000 3.0645
2.0000 0.2200 3.6142
2.0000 0.2400 4.1638
2.0000 0.2600 4.7133
2.0000 0.2800 5.2628
2.0000 0.3000 5.8122
2.0000 0.3200 6.3616
2.0000 0.3400 6.9109
2.0000 0.3600 7.4602
2.0000 0.3800 8.0094
2.0000 0.4000 8.5585
2.0000 0.4200 9.1076
2.0000 0.4400 9.6567
2.0000 0.4600 10.2057
2.0000 0.4800 10.7548
2.0000 0.5000 11.3038
2.0000 0.5200 11.8527
2.0000 0.5400 12.4017
2.0000 0.5600 12.9506
2.0000 0.5800 13.4994
2.2000 0.1600 1.9733
2.2000 0.1800 2.5231
2.2000 0.2000 3.0728
2.2000 0.2200 3.6223
2.2000 0.2400 4.1718
2.2000 0.2600 4.7212
2.2000 0.2800 5.2706
2.2000 0.3000 5.8198
2.2000 0.3200 6.3690
2.2000 0.3400 6.9181
2.2000 0.3600 7.4672
2.2000 0.3800 8.0162
2.2000 0.4000 8.5651
2.2000 0.4200 9.1140
2.2000 0.4400 9.6629
2.2000 0.4600 10.2117
2.2000 0.4800 10.7605
2.2000 0.5000 11.3093
2.2000 0.5200 11.8580
2.2000 0.5400 12.4067
2.2000 0.5600 12.9553
2.2000 0.5800 13.5040
2.4000 0.1600 1.9818
2.4000 0.1800 2.5314
2.4000 0.2000 3.0809
2.4000 0.2200 3.6303
2.4000 0.2400 4.1796
2.4000 0.2600 4.7288
2.4000 0.2800 5.2779
2.4000 0.3000 5.8270
2.4000 0.3200 6.3759
2.4000 0.3400 6.9248
2.4000 0.3600 7.4736
2.4000 0.3800 8.0224
2.4000 0.4000 8.5711
2.4000 0.4200 9.1197
2.4000 0.4400 9.6683
2.4000 0.4600 10.2169
2.4000 0.4800 10.7654
2.4000 0.5000 11.3139
2.4000 0.5200 11.8623
2.4000 0.5400 12.4107
2.4000 0.5600 12.9591
2.4000 0.5800 13.5074
2.6000 0.1600 1.9889
2.6000 0.1800 2.5381
2.6000 0.2000 3.0872
2.6000 0.2200 3.6362
2.6000 0.2400 4.1851
2.6000 0.2600 4.7339
2.6000 0.2800 5.2826
2.6000 0.3000 5.8312
2.6000 0.3200 6.3797
2.6000 0.3400 6.9281
2.6000 0.3600 7.4765
2.6000 0.3800 8.0248
2.6000 0.4000 8.5730
2.6000 0.4200 9.1212
2.6000 0.4400 9.6693
2.6000 0.4600 10.2174
2.6000 0.4800 10.7655
2.6000 0.5000 11.3134
2.6000 0.5200 11.8614
2.6000 0.5400 12.4093
2.6000 0.5600 12.9572
2.6000 0.5800 13.5050
2.8000 0.1600 1.9961
2.8000 0.1800 2.5450
2.8000 0.2000 3.0937
2.8000 0.2200 3.6422
2.8000 0.2400 4.1907
2.8000 0.2600 4.7391
2.8000 0.2800 5.2873
2.8000 0.3000 5.8355
2.8000 0.3200 6.3835
2.8000 0.3400 6.9315
2.8000 0.3600 7.4794
2.8000 0.3800 8.0273
2.8000 0.4000 8.5750
2.8000 0.4200 9.1227
2.8000 0.4400 9.6704
2.8000 0.4600 10.2179
2.8000 0.4800 10.7655
2.8000 0.5000 11.3130
2.8000 0.5200 11.8605
2.8000 0.5400 12.4079
2.8000 0.5600 12.9552
2.8000 0.5800 13.5026
3.0000 0.1600 2.0034
3.0000 0.1800 2.5519
3.0000 0.2000 3.1002
3.0000 0.2200 3.6483
3.0000 0.2400 4.1963
3.0000 0.2600 4.7443
3.0000 0.2800 5.2921
3.0000 0.3000 5.8398
3.0000 0.3200 6.3874
3.0000 0.3400 6.9349
3.0000 0.3600 7.4824
3.0000 0.3800 8.0297
3.0000 0.4000 8.5770
3.0000 0.4200 9.1242
3.0000 0.4400 9.6714
3.0000 0.4600 10.2185
3.0000 0.4800 10.7655
3.0000 0.5000 11.3125
3.0000 0.5200 11.8595
3.0000 0.5400 12.4064
3.0000 0.5600 12.9533
3.0000 0.5800 13.5001
3.2000 0.1600 2.0108
3.2000 0.1800 2.5589
3.2000 0.2000 3.1067
3.2000 0.2200 3.6545
3.2000 0.2400 4.2021
3.2000 0.2600 4.7496
3.2000 0.2800 5.2969
3.2000 0.3000 5.8442
3.2000 0.3200 6.3914
3.2000 0.3400 6.9384
3.2000 0.3600 7.4854
3.2000 0.3800 8.0322
3.2000 0.4000 8.5790
3.2000 0.4200 9.1258
3.2000 0.4400 9.6724
3.2000 0.4600 10.2190
3.2000 0.4800 10.7656
3.2000 0.5000 11.3121
3.2000 0.5200 11.8585
3.2000 0.5400 12.4049
3.2000 0.5600 12.9513
3.2000 0.5800 13.4976
3.4000 0.1600 2.0182
3.4000 0.1800 2.5659
3.4000 0.2000 3.1134
3.4000 0.2200 3.6607
3.4000 0.2400 4.2078
3.4000 0.2600 4.7549
3.4000 0.2800 5.3018
3.4000 0.3000 5.8486
3.4000 0.3200 6.3953
3.4000 0.3400 6.9419
3.4000 0.3600 7.4884
3.4000 0.3800 8.0348
3.4000 0.4000 8.5811
3.4000 0.4200 9.1273
3.4000 0.4400 9.6735
3.4000 0.4600 10.2196
3.4000 0.4800 10.7656
3.4000 0.5000 11.3116
3.4000 0.5200 11.8576
3.4000 0.5400 12.4034
3.4000 0.5600 12.9493
3.4000 0.5800 13.4950
3.6000 0.1600 2.0257
3.6000 0.1800 2.5730
3.6000 0.2000 3.1201
3.6000 0.2200 3.6669
3.6000 0.2400 4.2137
3.6000 0.2600 4.7603
3.6000 0.2800 5.3067
3.6000 0.3000 5.8531
3.6000 0.3200 6.3993
3.6000 0.3400 6.9454
3.6000 0.3600 7.4914
3.6000 0.3800 8.0373
3.6000 0.4000 8.5831
3.6000 0.4200 9.1289
3.6000 0.4400 9.6745
3.6000 0.4600 10.2201
3.6000 0.4800 10.7657
3.6000 0.5000 11.3112
3.6000 0.5200 11.8566
3.6000 0.5400 12.4019
3.6000 0.5600 12.9472
3.6000 0.5800 13.4925
3.8000 0.1600 2.0333
3.8000 0.1800 2.5802
3.8000 0.2000 3.1268
3.8000 0.2200 3.6732
3.8000 0.2400 4.2195
3.8000 0.2600 4.7657
3.8000 0.2800 5.3117
3.8000 0.3000 5.8576
3.8000 0.3200 6.4033
3.8000 0.3400 6.9489
3.8000 0.3600 7.4945
3.8000 0.3800 8.0399
3.8000 0.4000 8.5852
3.8000 0.4200 9.1304
3.8000 0.4400 9.6756
3.8000 0.4600 10.2207
3.8000 0.4800 10.7657
3.8000 0.5000 11.3107
3.8000 0.5200 11.8556
3.8000 0.5400 12.4004
3.8000 0.5600 12.9452
3.8000 0.5800 13.4899
4.0000 0.1600 2.0410
4.0000 0.1800 2.5873
4.0000 0.2000 3.1333
4.0000 0.2200 3.6791
4.0000 0.2400 4.2248
4.0000 0.2600 4.7703
4.0000 0.2800 5.3157
4.0000 0.3000 5.8610
4.0000 0.3200 6.4060
4.0000 0.3400 6.9510
4.0000 0.3600 7.4959
4.0000 0.3800 8.0406
4.0000 0.4000 8.5853
4.0000 0.4200 9.1298
4.0000 0.4400 9.6743
4.0000 0.4600 10.2187
4.0000 0.4800 10.7631
4.0000 0.5000 11.3073
4.0000 0.5200 11.8515
4.0000 0.5400 12.3957
4.0000 0.5600 12.9397
4.0000 0.5800 13.4837
4.2000 0.1600 2.0488
4.2000 0.1800 2.5944
4.2000 0.2000 3.1397
4.2000 0.2200 3.6848
4.2000 0.2400 4.2298
4.2000 0.2600 4.7746
4.2000 0.2800 5.3192
4.2000 0.3000 5.8637
4.2000 0.3200 6.4080
4.2000 0.3400 6.9522
4.2000 0.3600 7.4963
4.2000 0.3800 8.0403
4.2000 0.4000 8.5842
4.2000 0.4200 9.1279
4.2000 0.4400 9.6716
4.2000 0.4600 10.2152
4.2000 0.4800 10.7588
4.2000 0.5000 11.3022
4.2000 0.5200 11.8456
4.2000 0.5400 12.3889
4.2000 0.5600 12.9322
4.2000 0.5800 13.4754
4.4000 0.1600 2.0566
4.4000 0.1800 2.6015
4.4000 0.2000 3.1461
4.4000 0.2200 3.6905
4.4000 0.2400 4.2347
4.4000 0.2600 4.7788
4.4000 0.2800 5.3227
4.4000 0.3000 5.8664
4.4000 0.3200 6.4100
4.4000 0.3400 6.9534
4.4000 0.3600 7.4968
4.4000 0.3800 8.0400
4.4000 0.4000 8.5830
4.4000 0.4200 9.1260
4.4000 0.4400 9.6689
4.4000 0.4600 10.2117
4.4000 0.4800 10.7544
4.4000 0.5000 11.2971
4.4000 0.5200 11.8397
4.4000 0.5400 12.3822
4.4000 0.5600 12.9246
4.4000 0.5800 13.4670
4.6000 0.1600 2.0645
4.6000 0.1800 2.6087
4.6000 0.2000 3.1526
4.6000 0.2200 3.6963
4.6000 0.2400 4.2398
4.6000 0.2600 4.7831
4.6000 0.2800 5.3262
4.6000 0.3000 5.8692
4.6000 0.3200 6.4120
4.6000 0.3400 6.9547
4.6000 0.3600 7.4972
4.6000 0.3800 8.0396
4.6000 0.4000 8.5819
4.6000 0.4200 9.1241
4.6000 0.4400 9.6662
4.6000 0.4600 10.2082
4.6000 0.4800 10.7501
4.6000 0.5000 11.2920
4.6000 0.5200 11.8337
4.6000 0.5400 12.3754
4.6000 0.5600 12.9170
4.6000 0.5800 13.4586
4.8000 0.1600 2.0723
4.8000 0.1800 2.6159
4.8000 0.2000 3.1591
4.8000 0.2200 3.7020
4.8000 0.2400 4.2448
4.8000 0.2600 4.7874
4.8000 0.2800 5.3297
4.8000 0.3000 5.8720
4.8000 0.3200 6.4140
4.8000 0.3400 6.9559
4.8000 0.3600 7.4976
4.8000 0.3800 8.0393
4.8000 0.4000 8.5808
4.8000 0.4200 9.1222
4.8000 0.4400 9.6634
4.8000 0.4600 10.2046
4.8000 0.4800 10.7458
4.8000 0.5000 11.2868
4.8000 0.5200 11.8278
4.8000 0.5400 12.3686
4.8000 0.5600 12.9094
4.8000 0.5800 13.4501
5.0000 0.1600 2.0802
5.0000 0.1800 2.6231
5.0000 0.2000 3.1656
5.0000 0.2200 3.7078
5.0000 0.2400 4.2498
5.0000 0.2600 4.7916
5.0000 0.2800 5.3333
5.0000 0.3000 5.8747
5.0000 0.3200 6.4160
5.0000 0.3400 6.9571
5.0000 0.3600 7.4981
5.0000 0.3800 8.0389
5.0000 0.4000 8.5796
5.0000 0.4200 9.1202
5.0000 0.4400 9.6607
5.0000 0.4600 10.2011
5.0000 0.4800 10.7414
5.0000 0.5000 11.2816
5.0000 0.5200 11.8218
5.0000 0.5400 12.3618
5.0000 0.5600 12.9018
5.0000 0.5800 13.4417
5.2000 0.1600 2.0881
5.2000 0.1800 2.6303
5.2000 0.2000 3.1721
5.2000 0.2200 3.7136
5.2000 0.2400 4.2548
5.2000 0.2600 4.7959
5.2000 0.2800 5.3368
5.2000 0.3000 5.8775
5.2000 0.3200 6.4180
5.2000 0.3400 6.9584
5.2000 0.3600 7.4985
5.2000 0.3800 8.0386
5.2000 0.4000 8.5785
5.2000 0.4200 9.1183
5.2000 0.4400 9.6580
5.2000 0.4600 10.1975
5.2000 0.4800 10.7370
5.2000 0.5000 11.2765
5.2000 0.5200 11.8158
5.2000 0.5400 12.3550
5.2000 0.5600 12.8941
5.2000 0.5800 13.4332
5.4000 0.1600 2.0962
5.4000 0.1800 2.6375
5.4000 0.2000 3.1785
5.4000 0.2200 3.7191
5.4000 0.2400 4.2596
5.4000 0.2600 4.7998
5.4000 0.2800 5.3398
5.4000 0.3000 5.8796
5.4000 0.3200 6.4193
5.4000 0.3400 6.9587
5.4000 0.3600 7.4980
5.4000 0.3800 8.0371
5.4000 0.4000 8.5761
5.4000 0.4200 9.1150
5.4000 0.4400 9.6538
5.4000 0.4600 10.1924
5.4000 0.4800 10.7310
5.4000 0.5000 11.2695
5.4000 0.5200 11.8079
5.4000 0.5400 12.3461
5.4000 0.5600 12.8843
5.4000 0.5800 13.4224
5.6000 0.1600 2.1044
5.6000 0.1800 2.6447
5.6000 0.2000 3.1847
5.6000 0.2200 3.7244
5.6000 0.2400 4.2638
5.6000 0.2600 4.8031
5.6000 0.2800 5.3421
5.6000 0.3000 5.8808
5.6000 0.3200 6.4194
5.6000 0.3400 6.9578
5.6000 0.3600 7.4961
5.6000 0.3800 8.0341
5.6000 0.4000 8.5721
5.6000 0.4200 9.1099
5.6000 0.4400 9.6476
5.6000 0.4600 10.1851
5.6000 0.4800 10.7226
5.6000 0.5000 11.2600
5.6000 0.5200 11.7973
5.6000 0.5400 12.3345
5.6000 0.5600 12.8716
5.6000 0.5800 13.4085
5.8000 0.1600 2.1125
5.8000 0.1800 2.6520
5.8000 0.2000 3.1910
5.8000 0.2200 3.7297
5.8000 0.2400 4.2681
5.8000 0.2600 4.8063
5.8000 0.2800 5.3443
5.8000 0.3000 5.8820
5.8000 0.3200 6.4196
5.8000 0.3400 6.9569
5.8000 0.3600 7.4941
5.8000 0.3800 8.0311
5.8000 0.4000 8.5680
5.8000 0.4200 9.1047
5.8000 0.4400 9.6413
5.8000 0.4600 10.1778
5.8000 0.4800 10.7142
5.8000 0.5000 11.2505
5.8000 0.5200 11.7867
5.8000 0.5400 12.3228
5.8000 0.5600 12.8588
5.8000 0.5800 13.3946
6.0000 0.1600 2.1207
6.0000 0.1800 2.6592
6.0000 0.2000 3.1973
6.0000 0.2200 3.7350
6.0000 0.2400 4.2724
6.0000 0.2600 4.8096
6.0000 0.2800 5.3465
6.0000 0.3000 5.8832
6.0000 0.3200 6.4197
6.0000 0.3400 6.9561
6.0000 0.3600 7.4922
6.0000 0.3800 8.0281
6.0000 0.4000 8.5639
6.0000 0.4200 9.0996
6.0000 0.4400 9.6351
6.0000 0.4600 10.1705
6.0000 0.4800 10.7058
6.0000 0.5000 11.2410
6.0000 0.5200 11.7761
6.0000 0.5400 12.3111
6.0000 0.5600 12.8459
6.0000 0.5800 13.3807
6.2000 0.1600 2.1290
6.2000 0.1800 2.6665
6.2000 0.2000 3.2035
6.2000 0.2200 3.7402
6.2000 0.2400 4.2767
6.2000 0.2600 4.8129
6.2000 0.2800 5.3488
6.2000 0.3000 5.8845
6.2000 0.3200 6.4199
6.2000 0.3400 6.9552
6.2000 0.3600 7.4902
6.2000 0.3800 8.0251
6.2000 0.4000 8.5599
6.2000 0.4200 9.0944
6.2000 0.4400 9.6289
6.2000 0.4600 10.1632
6.2000 0.4800 10.6974
6.2000 0.5000 11.2315
6.2000 0.5200 11.7655
6.2000 0.5400 12.2993
6.2000 0.5600 12.8331
6.2000 0.5800 13.3668
6.4000 0.1600 2.1372
6.4000 0.1800 2.6737
6.4000 0.2000 3.2098
6.4000 0.2200 3.7455
6.4000 0.2400 4.2810
6.4000 0.2600 4.8161
6.4000 0.2800 5.3510
6.4000 0.3000 5.8857
6.4000 0.3200 6.4201
6.4000 0.3400 6.9543
6.4000 0.3600 7.4883
6.4000 0.3800 8.0221
6.4000 0.4000 8.5558
6.4000 0.4200 9.0893
6.4000 0.4400 9.6226
6.4000 0.4600 10.1558
6.4000 0.4800 10.6890
6.4000 0.5000 11.2220
6.4000 0.5200 11.7548
6.4000 0.5400 12.2876
6.4000 0.5600 12.8202
6.4000 0.5800 13.3528
6.6000 0.1600 2.1454
6.6000 0.1800 2.6810
6.6000 0.2000 3.2161
6.6000 0.2200 3.7508
6.6000 0.2400 4.2853
6.6000 0.2600 4.8194
6.6000 0.2800 5.3533
6.6000 0.3000 5.8869
6.6000 0.3200 6.4202
6.6000 0.3400 6.9534
6.6000 0.3600 7.4863
6.6000 0.3800 8.0191
6.6000 0.4000 8.5517
6.6000 0.4200 9.0841
6.6000 0.4400 9.6164
6.6000 0.4600 10.1485
6.6000 0.4800 10.6805
6.6000 0.5000 11.2124
6.6000 0.5200 11.7442
6.6000 0.5400 12.2758
6.6000 0.5600 12.8074
6.6000 0.5800 13.3388
6.8000 0.1600 2.1537
6.8000 0.1800 2.6883
6.8000 0.2000 3.2223
6.8000 0.2200 3.7560
6.8000 0.2400 4.2893
6.8000 0.2600 4.8223
6.8000 0.2800 5.3551
6.8000 0.3000 5.8876
6.8000 0.3200 6.4198
6.8000 0.3400 6.9519
6.8000 0.3600 7.4837
6.8000 0.3800 8.0153
6.8000 0.4000 8.5467
6.8000 0.4200 9.0780
6.8000 0.4400 9.6091
6.8000 0.4600 10.1400
6.8000 0.4800 10.6709
6.8000 0.5000 11.2016
6.8000 0.5200 11.7322
6.8000 0.5400 12.2626
6.8000 0.5600 12.7930
6.8000 0.5800 13.3232
7.0000 0.1600 2.1621
7.0000 0.1800 2.6954
7.0000 0.2000 3.2283
7.0000 0.2200 3.7607
7.0000 0.2400 4.2928
7.0000 0.2600 4.8246
7.0000 0.2800 5.3561
7.0000 0.3000 5.8873
7.0000 0.3200 6.4182
7.0000 0.3400 6.9489
7.0000 0.3600 7.4794
7.0000 0.3800 8.0097
7.0000 0.4000 8.5399
7.0000 0.4200 9.0698
7.0000 0.4400 9.5995
7.0000 0.4600 10.1292
7.0000 0.4800 10.6587
7.0000 0.5000 11.1881
7.0000 0.5200 11.7173
7.0000 0.5400 12.2464
7.0000 0.5600 12.7754
7.0000 0.5800 13.3042
7.2000 0.1600 2.1704
7.2000 0.1800 2.7026
7.2000 0.2000 3.2342
7.2000 0.2200 3.7654
7.2000 0.2400 4.2963
7.2000 0.2600 4.8268
7.2000 0.2800 5.3570
7.2000 0.3000 5.8870
7.2000 0.3200 6.4166
7.2000 0.3400 6.9460
7.2000 0.3600 7.4752
7.2000 0.3800 8.0042
7.2000 0.4000 8.5330
7.2000 0.4200 9.0616
7.2000 0.4400 9.5900
7.2000 0.4600 10.1183
7.2000 0.4800 10.6465
7.2000 0.5000 11.1745
7.2000 0.5200 11.7024
7.2000 0.5400 12.2301
7.2000 0.5600 12.7577
7.2000 0.5800 13.2852
7.4000 0.1600 2.1788
7.4000 0.1800 2.7098
7.4000 0.2000 3.2402
7.4000 0.2200 3.7702
7.4000 0.2400 4.2998
7.4000 0.2600 4.8290
7.4000 0.2800 5.3580
7.4000 0.3000 5.8866
7.4000 0.3200 6.4150
7.4000 0.3400 6.9431
7.4000 0.3600 7.4710
7.4000 0.3800 7.9987
7.4000 0.4000 8.5261
7.4000 0.4200 9.0534
7.4000 0.4400 9.5805
7.4000 0.4600 10.1074
7.4000 0.4800 10.6343
7.4000 0.5000 11.1609
7.4000 0.5200 11.6875
7.4000 0.5400 12.2138
7.4000 0.5600 12.7401
7.4000 0.5800 13.2662
7.6000 0.1600 2.1872
7.6000 0.1800 2.7170
7.6000 0.2000 3.2462
7.6000 0.2200 3.7749
7.6000 0.2400 4.3033
7.6000 0.2600 4.8313
7.6000 0.2800 5.3589
7.6000 0.3000 5.8863
7.6000 0.3200 6.4134
7.6000 0.3400 6.9402
7.6000 0.3600 7.4668
7.6000 0.3800 7.9931
7.6000 0.4000 8.5193
7.6000 0.4200 9.0452
7.6000 0.4400 9.5710
7.6000 0.4600 10.0966
7.6000 0.4800 10.6220
7.6000 0.5000 11.1474
7.6000 0.5200 11.6725
7.6000 0.5400 12.1976
7.6000 0.5600 12.7224
7.6000 0.5800 13.2472
7.8000 0.1600 2.1956
7.8000 0.1800 2.7242
7.8000 0.2000 3.2522
7.8000 0.2200 3.7797
7.8000 0.2400 4.3067
7.8000 0.2600 4.8335
7.8000 0.2800 5.3599
7.8000 0.3000 5.8860
7.8000 0.3200 6.4118
7.8000 0.3400 6.9373
7.8000 0.3600 7.4626
7.8000 0.3800 7.9876
7.8000 0.4000 8.5124
7.8000 0.4200 9.0370
7.8000 0.4400 9.5614
7.8000 0.4600 10.0857
7.8000 0.4800 10.6098
7.8000 0.5000 11.1338
7.8000 0.5200 11.6576
7.8000 0.5400 12.1812
7.8000 0.5600 12.7048
7.8000 0.5800 13.2281
8.0000 0.1600 2.2040
8.0000 0.1800 2.7314
8.0000 0.2000 3.2582
8.0000 0.2200 3.7844
8.0000 0.2400 4.3102
8.0000 0.2600 4.8357
8.0000 0.2800 5.3609
8.0000 0.3000 5.8857
8.0000 0.3200 6.4102
8.0000 0.3400 6.9344
8.0000 0.3600 7.4583
8.0000 0.3800 7.9820
8.0000 0.4000 8.5055
8.0000 0.4200 9.0288
8.0000 0.4400 9.5519
8.0000 0.4600 10.0748
8.0000 0.4800 10.5976
8.0000 0.5000 11.1202
8.0000 0.5200 11.6426
8.0000 0.5400 12.1649
8.0000 0.5600 12.6871
8.0000 0.5800 13.2091
8.2000 0.1600 2.2124
8.2000 0.1800 2.7385
8.2000 0.2000 3.2640
8.2000 0.2200 3.7890
8.2000 0.2400 4.3135
8.2000 0.2600 4.8377
8.2000 0.2800 5.3615
8.2000 0.3000 5.8849
8.2000 0.3200 6.4081
8.2000 0.3400 6.9309
8.2000 0.3600 7.4535
8.2000 0.3800 7.9758
8.2000 0.4000 8.4979
8.2000 0.4200 9.0198
8.2000 0.4400 9.5415
8.2000 0.4600 10.0630
8.2000 0.4800 10.5844
8.2000 0.5000 11.1056
8.2000 0.5200 11.6266
8.2000 0.5400 12.1475
8.2000 0.5600 12.6682
8.2000 0.5800 13.1888
8.4000 0.1600 2.2208
8.4000 0.1800 2.7455
8.4000 0.2000 3.2696
8.4000 0.2200 3.7931
8.4000 0.2400 4.3162
8.4000 0.2600 4.8389
8.4000 0.2800 5.3612
8.4000 0.3000 5.8831
8.4000 0.3200 6.4048
8.4000 0.3400 6.9261
8.4000 0.3600 7.4472
8.4000 0.3800 7.9680
8.4000 0.4000 8.4885
8.4000 0.4200 9.0089
8.4000 0.4400 9.5290
8.4000 0.4600 10.0489
8.4000 0.4800 10.5687
8.4000 0.5000 11.0883
8.4000 0.5200 11.6078
8.4000 0.5400 12.1271
8.4000 0.5600 12.6462
8.4000 0.5800 13.1652
8.6000 0.1600 2.2291
8.6000 0.1800 2.7525
8.6000 0.2000 3.2751
8.6000 0.2200 3.7972
8.6000 0.2400 4.3188
8.6000 0.2600 4.8400
8.6000 0.2800 5.3609
8.6000 0.3000 5.8813
8.6000 0.3200 6.4015
8.6000 0.3400 6.9213
8.6000 0.3600 7.4408
8.6000 0.3800 7.9601
8.6000 0.4000 8.4791
8.6000 0.4200 8.9979
8.6000 0.4400 9.5164
8.6000 0.4600 10.0348
8.6000 0.4800 10.5530
8.6000 0.5000 11.0711
8.6000 0.5200 11.5890
8.6000 0.5400 12.1067
8.6000 0.5600 12.6242
8.6000 0.5800 13.1416
8.8000 0.1600 2.2375
8.8000 0.1800 2.7595
8.8000 0.2000 3.2807
8.8000 0.2200 3.8013
8.8000 0.2400 4.3215
8.8000 0.2600 4.8412
8.8000 0.2800 5.3606
8.8000 0.3000 5.8795
8.8000 0.3200 6.3981
8.8000 0.3400 6.9164
8.8000 0.3600 7.4344
8.8000 0.3800 7.9522
8.8000 0.4000 8.4697
8.8000 0.4200 8.9869
8.8000 0.4400 9.5039
8.8000 0.4600 10.0207
8.8000 0.4800 10.5374
8.8000 0.5000 11.0539
8.8000 0.5200 11.5702
8.8000 0.5400 12.0863
8.8000 0.5600 12.6022
8.8000 0.5800 13.1180
9.0000 0.1600 2.2459
9.0000 0.1800 2.7664
9.0000 0.2000 3.2863
9.0000 0.2200 3.8054
9.0000 0.2400 4.3241
9.0000 0.2600 4.8424
9.0000 0.2800 5.3603
9.0000 0.3000 5.8777
9.0000 0.3200 6.3948
9.0000 0.3400 6.9116
9.0000 0.3600 7.4281
9.0000 0.3800 7.9443
9.0000 0.4000 8.4602
9.0000 0.4200 8.9759
9.0000 0.4400 9.4913
9.0000 0.4600 10.0066
9.0000 0.4800 10.5217
9.0000 0.5000 11.0366
9.0000 0.5200 11.5513
9.0000 0.5400 12.0659
9.0000 0.5600 12.5802
9.0000 0.5800 13.0944
9.2000 0.1600 2.2543
9.2000 0.1800 2.7734
9.2000 0.2000 3.2918
9.2000 0.2200 3.8096
9.2000 0.2400 4.3268
9.2000 0.2600 4.8436
9.2000 0.2800 5.3600
9.2000 0.3000 5.8759
9.2000 0.3200 6.3915
9.2000 0.3400 6.9068
9.2000 0.3600 7.4217
9.2000 0.3800 7.9364
9.2000 0.4000 8.4508
9.2000 0.4200 8.9649
9.2000 0.4400 9.4788
9.2000 0.4600 9.9925
9.2000 0.4800 10.5060
9.2000 0.5000 11.0193
9.2000 0.5200 11.5325
9.2000 0.5400 12.0454
9.2000 0.5600 12.5582
9.2000 0.5800 13.0708
9.4000 0.1600 2.2627
9.4000 0.1800 2.7804
9.4000 0.2000 3.2974
9.4000 0.2200 3.8137
9.4000 0.2400 4.3295
9.4000 0.2600 4.8448
9.4000 0.2800 5.3597
9.4000 0.3000 5.8741
9.4000 0.3200 6.3882
9.4000 0.3400 6.9019
9.4000 0.3600 7.4154
9.4000 0.3800 7.9285
9.4000 0.4000 8.4413
9.4000 0.4200 8.9539
9.4000 0.4400 9.4662
9.4000 0.4600 9.9784
9.4000 0.4800 10.4903
9.4000 0.5000 11.0021
9.4000 0.5200 11.5136
9.4000 0.5400 12.0250
9.4000 0.5600 12.5362
9.4000 0.5800 13.0472
9.6000 0.1600 2.2711
9.6000 0.1800 2.7873
9.6000 0.2000 3.3028
9.6000 0.2200 3.8176
9.6000 0.2400 4.3319
9.6000 0.2600 4.8457
9.6000 0.2800 5.3590
9.6000 0.3000 5.8719
9.6000 0.3200 6.3845
9.6000 0.3400 6.8966
9.6000 0.3600 7.4085
9.6000 0.3800 7.9200
9.6000 0.4000 8.4312
9.6000 0.4200 8.9422
9.6000 0.4400 9.4530
9.6000 0.4600 9.9635
9.6000 0.4800 10.4738
9.6000 0.5000 10.9839
9.6000 0.5200 11.4938
9.6000 0.5400 12.0036
9.6000 0.5600 12.5131
9.6000 0.5800 13.0225
9.8000 0.1600 2.2793
9.8000 0.1800 2.7940
9.8000 0.2000 3.3079
9.8000 0.2200 3.8211
9.8000 0.2400 4.3337
9.8000 0.2600 4.8458
9.8000 0.2800 5.3575
9.8000 0.3000 5.8687
9.8000 0.3200 6.3796
9.8000 0.3400 6.8900
9.8000 0.3600 7.4002
9.8000 0.3800 7.9100
9.8000 0.4000 8.4195
9.8000 0.4200 8.9287
9.8000 0.4400 9.4377
9.8000 0.4600 9.9465
9.8000 0.4800 10.4551
9.8000 0.5000 10.9634
9.8000 0.5200 11.4716
9.8000 0.5400 11.9795
9.8000 0.5600 12.4873
9.8000 0.5800 12.9949
10.0000 0.1600 2.2876
10.0000 0.1800 2.8007
10.0000 0.2000 3.3130
10.0000 0.2200 3.8245
10.0000 0.2400 4.3355
10.0000 0.2600 4.8460
10.0000 0.2800 5.3560
10.0000 0.3000 5.8655
10.0000 0.3200 6.3747
10.0000 0.3400 6.8834
10.0000 0.3600 7.3919
10.0000 0.3800 7.9000
10.0000 0.4000 8.4077
10.0000 0.4200 8.9152
10.0000 0.4400 9.4225
10.0000 0.4600 9.9295
10.0000 0.4800 10.4363
10.0000 0.5000 10.9429
10.0000 0.5200 11.4493
10.0000 0.5400 11.9555
10.0000 0.5600 12.4615
10.0000 0.5800 12.9673
10.2000 0.1600 2.2958
10.2000 0.1800 2.8073
10.2000 0.2000 3.3180
10.2000 0.2200 3.8280
10.2000 0.2400 4.3373
10.2000 0.2600 4.8461
10.2000 0.2800 5.3545
10.2000 0.3000 5.8623
10.2000 0.3200 6.3698
10.2000 0.3400 6.8769
10.2000 0.3600 7.3836
10.2000 0.3800 7.8899
10.2000 0.4000 8.3960
10.2000 0.4200 8.9017
10.2000 0.4400 9.4072
10.2000 0.4600 9.9125
10.2000 0.4800 10.4176
10.2000 0.5000 10.9224
10.2000 0.5200 11.4270
10.2000 0.5400 11.9315
10.2000 0.5600 12.4357
10.2000 0.5800 12.9397
10.4000 0.1600 2.3041
10.4000 0.1800 2.8140
10.4000 0.2000 3.3231
10.4000 0.2200 3.8314
10.4000 0.2400 4.3391
10.4000 0.2600 4.8463
10.4000 0.2800 5.3530
10.4000 0.3000 5.8591
10.4000 0.3200 6.3649
10.4000 0.3400 6.8703
10.4000 0.3600 7.3752
10.4000 0.3800 7.8799
10.4000 0.4000 8.3842
10.4000 0.4200 8.8882
10.4000 0.4400 9.3920
10.4000 0.4600 9.8955
10.4000 0.4800 10.3988
10.4000 0.5000 10.9019
10.4000 0.5200 11.4048
10.4000 0.5400 11.9074
10.4000 0.5600 12.4099
10.4000 0.5800 12.9121
10.6000 0.1600 2.3123
10.6000 0.1800 2.8207
10.6000 0.2000 3.3282
10.6000 0.2200 3.8349
10.6000 0.2400 4.3409
10.6000 0.2600 4.8464
10.6000 0.2800 5.3514
10.6000 0.3000 5.8559
10.6000 0.3200 6.3600
10.6000 0.3400 6.8637
10.6000 0.3600 7.3669
10.6000 0.3800 7.8699
10.6000 0.4000 8.3724
10.6000 0.4200 8.8747
10.6000 0.4400 9.3768
10.6000 0.4600 9.8785
10.6000 0.4800 10.3801
10.6000 0.5000 10.8814
10.6000 0.5200 11.3825
10.6000 0.5400 11.8834
10.6000 0.5600 12.3840
10.6000 0.5800 12.8845
10.8000 0.1600 2.3206
10.8000 0.1800 2.8274
10.8000 0.2000 3.3332
10.8000 0.2200 3.8383
10.8000 0.2400 4.3427
10.8000 0.2600 4.8466
10.8000 0.2800 5.3499
10.8000 0.3000 5.8527
10.8000 0.3200 6.3551
10.8000 0.3400 6.8571
10.8000 0.3600 7.3586
10.8000 0.3800 7.8598
10.8000 0.4000 8.3607
10.8000 0.4200 8.8612
10.8000 0.4400 9.3615
10.8000 0.4600 9.8615
10.8000 0.4800 10.3613
10.8000 0.5000 10.8609
10.8000 0.5200 11.3602
10.8000 0.5400 11.8593
10.8000 0.5600 12.3582
10.8000 0.5800 12.8569
11.0000 0.1600 2.3287
11.0000 0.1800 2.8339
11.0000 0.2000 3.3382
11.0000 0.2200 3.8416
11.0000 0.2400 4.3443
11.0000 0.2600 4.8465
11.0000 0.2800 5.3481
11.0000 0.3000 5.8492
11.0000 0.3200 6.3498
11.0000 0.3400 6.8500
11.0000 0.3600 7.3498
11.0000 0.3800 7.8492
11.0000 0.4000 8.3483
11.0000 0.4200 8.8471
11.0000 0.4400 9.3456
11.0000 0.4600 9.8438
11.0000 0.4800 10.3418
11.0000 0.5000 10.8396
11.0000 0.5200 11.3371
11.0000 0.5400 11.8344
11.0000 0.5600 12.3314
11.0000 0.5800 12.8283
11.2000 0.1600 2.3367
11.2000 0.1800 2.8402
11.2000 0.2000 3.3427
11.2000 0.2200 3.8443
11.2000 0.2400 4.3453
11.2000 0.2600 4.8456
11.2000 0.2800 5.3454
11.2000 0.3000 5.8447
11.2000 0.3200 6.3435
11.2000 0.3400 6.8418
11.2000 0.3600 7.3398
11.2000 0.3800 7.8373
11.2000 0.4000 8.3345
11.2000 0.4200 8.8314
11.2000 0.4400 9.3280
11.2000 0.4600 9.8243
11.2000 0.4800 10.3204
11.2000 0.5000 10.8163
11.2000 0.5200 11.3119
11.2000 0.5400 11.8072
11.2000 0.5600 12.3024
11.2000 0.5800 12.7973
11.4000 0.1600 2.3447
11.4000 0.1800 2.8465
11.4000 0.2000 3.3472
11.4000 0.2200 3.8471
11.4000 0.2400 4.3462
11.4000 0.2600 4.8448
11.4000 0.2800 5.3428
11.4000 0.3000 5.8402
11.4000 0.3200 6.3371
11.4000 0.3400 6.8336
11.4000 0.3600 7.3297
11.4000 0.3800 7.8254
11.4000 0.4000 8.3208
11.4000 0.4200 8.8158
11.4000 0.4400 9.3104
11.4000 0.4600 9.8049
11.4000 0.4800 10.2990
11.4000 0.5000 10.7930
11.4000 0.5200 11.2867
11.4000 0.5400 11.7801
11.4000 0.5600 12.2733
11.4000 0.5800 12.7663
11.6000 0.1600 2.3527
11.6000 0.1800 2.8527
11.6000 0.2000 3.3517
11.6000 0.2200 3.8498
11.6000 0.2400 4.3472
11.6000 0.2600 4.8440
11.6000 0.2800 5.3401
11.6000 0.3000 5.8357
11.6000 0.3200 6.3308
11.6000 0.3400 6.8255
11.6000 0.3600 7.3197
11.6000 0.3800 7.8135
11.6000 0.4000 8.3070
11.6000 0.4200 8.8001
11.6000 0.4400 9.2929
11.6000 0.4600 9.7854
11.6000 0.4800 10.2776
11.6000 0.5000 10.7697
11.6000 0.5200 11.2614
11.6000 0.5400 11.7530
11.6000 0.5600 12.2443
11.6000 0.5800 12.7353
11.8000 0.1600 2.3607
11.8000 0.1800 2.8590
11.8000 0.2000 3.3563
11.8000 0.2200 3.8526
11.8000 0.2400 4.3482
11.8000 0.2600 4.8431
11.8000 0.2800 5.3375
11.8000 0.3000 5.8312
11.8000 0.3200 6.3245
11.8000 0.3400 6.8173
11.8000 0.3600 7.3096
11.8000 0.3800 7.8016
11.8000 0.4000 8.2931
11.8000 0.4200 8.7844
11.8000 0.4400 9.2753
11.8000 0.4600 9.7659
11.8000 0.4800 10.2563
11.8000 0.5000 10.7464
11.8000 0.5200 11.2362
11.8000 0.5400 11.7258
11.8000 0.5600 12.2152
11.8000 0.5800 12.7043
12.0000 0.1600 2.3687
12.0000 0.1800 2.8653
12.0000 0.2000 3.3608
12.0000 0.2200 3.8554
12.0000 0.2400 4.3491
12.0000 0.2600 4.8423
12.0000 0.2800 5.3348
12.0000 0.3000 5.8267
12.0000 0.3200 6.3182
12.0000 0.3400 6.8091
12.0000 0.3600 7.2996
12.0000 0.3800 7.7897
12.0000 0.4000 8.2793
12.0000 0.4200 8.7687
12.0000 0.4400 9.2577
12.0000 0.4600 9.7464
12.0000 0.4800 10.2349
12.0000 0.5000 10.7230
12.0000 0.5200 11.2110
12.0000 0.5400 11.6987
12.0000 0.5600 12.1861
12.0000 0.5800 12.6733
12.2000 0.1600 2.3767
12.2000 0.1800 2.8716
12.2000 0.2000 3.3653
12.2000 0.2200 3.8581
12.2000 0.2400 4.3501
12.2000 0.2600 4.8414
12.2000 0.2800 5.3321
12.2000 0.3000 5.8222
12.2000 0.3200 6.3118
12.2000 0.3400 6.8009
12.2000 0.3600 7.2895
12.2000 0.3800 7.7777
12.2000 0.4000 8.2655
12.2000 0.4200 8.7530
12.2000 0.4400 9.2401
12.2000 0.4600 9.7269
12.2000 0.4800 10.2134
12.2000 0.5000 10.6997
12.2000 0.5200 11.1858
12.2000 0.5400 11.6715
12.2000 0.5600 12.1570
12.2000 0.5800 12.6423
12.4000 0.1600 2.3846
12.4000 0.1800 2.8777
12.4000 0.2000 3.3697
12.4000 0.2200 3.8607
12.4000 0.2400 4.3508
12.4000 0.2600 4.8403
12.4000 0.2800 5.3292
12.4000 0.3000 5.8174
12.4000 0.3200 6.3051
12.4000 0.3400 6.7923
12.4000 0.3600 7.2790
12.4000 0.3800 7.7653
12.4000 0.4000 8.2512
12.4000 0.4200 8.7367
12.4000 0.4400 9.2219
12.4000 0.4600 9.7068
12.4000 0.4800 10.1914
12.4000 0.5000 10.6757
12.4000 0.5200 11.1598
12.4000 0.5400 11.6436
12.4000 0.5600 12.1271
12.4000 0.5800 12.6105
12.6000 0.1600 2.3922
12.6000 0.1800 2.8835
12.6000 0.2000 3.3736
12.6000 0.2200 3.8627
12.6000 0.2400 4.3510
12.6000 0.2600 4.8386
12.6000 0.2800 5.3255
12.6000 0.3000 5.8118
12.6000 0.3200 6.2975
12.6000 0.3400 6.7827
12.6000 0.3600 7.2675
12.6000 0.3800 7.7518
12.6000 0.4000 8.2357
12.6000 0.4200 8.7192
12.6000 0.4400 9.2024
12.6000 0.4600 9.6852
12.6000 0.4800 10.1678
12.6000 0.5000 10.6501
12.6000 0.5200 11.1321
12.6000 0.5400 11.6139
12.6000 0.5600 12.0954
12.6000 0.5800 12.5767
12.8000 0.1600 2.3998
12.8000 0.1800 2.8893
12.8000 0.2000 3.3775
12.8000 0.2200 3.8648
12.8000 0.2400 4.3512
12.8000 0.2600 4.8368
12.8000 0.2800 5.3218
12.8000 0.3000 5.8061
12.8000 0.3200 6.2899
12.8000 0.3400 6.7731
12.8000 0.3600 7.2559
12.8000 0.3800 7.7382
12.8000 0.4000 8.2201
12.8000 0.4200 8.7017
12.8000 0.4400 9.1828
12.8000 0.4600 9.6637
12.8000 0.4800 10.1442
12.8000 0.5000 10.6245
12.8000 0.5200 11.1045
12.8000 0.5400 11.5842
12.8000 0.5600 12.0637
12.8000 0.5800 12.5429
13.0000 0.1600 2.4075
13.0000 0.1800 2.8951
13.0000 0.2000 3.3815
13.0000 0.2200 3.8668
13.0000 0.2400 4.3513
13.0000 0.2600 4.8350
13.0000 0.2800 5.3181
13.0000 0.3000 5.8005
13.0000 0.3200 6.2823
13.0000 0.3400 6.7636
13.0000 0.3600 7.2444
13.0000 0.3800 7.7247
13.0000 0.4000 8.2046
13.0000 0.4200 8.6841
13.0000 0.4400 9.1633
13.0000 0.4600 9.6421
13.0000 0.4800 10.1206
13.0000 0.5000 10.5989
13.0000 0.5200 11.0768
13.0000 0.5400 11.5545
13.0000 0.5600 12.0320
13.0000 0.5800 12.5092
13.2000 0.1600 2.4151
13.2000 0.1800 2.9009
13.2000 0.2000 3.3854
13.2000 0.2200 3.8689
13.2000 0.2400 4.3515
13.2000 0.2600 4.8333
13.2000 0.2800 5.3144
13.2000 0.3000 5.7948
13.2000 0.3200 6.2747
13.2000 0.3400 6.7540
13.2000 0.3600 7.2328
13.2000 0.3800 7.7111
13.2000 0.4000 8.1891
13.2000 0.4200 8.6666
13.2000 0.4400 9.1437
13.2000 0.4600 9.6205
13.2000 0.4800 10.0970
13.2000 0.5000 10.5733
13.2000 0.5200 11.0492
13.2000 0.5400 11.5248
13.2000 0.5600 12.0002
13.2000 0.5800 12.4754
13.4000 0.1600 2.4228
13.4000 0.1800 2.9067
13.4000 0.2000 3.3894
13.4000 0.2200 3.8710
13.4000 0.2400 4.3516
13.4000 0.2600 4.8315
13.4000 0.2800 5.3107
13.4000 0.3000 5.7892
13.4000 0.3200 6.2671
13.4000 0.3400 6.7444
13.4000 0.3600 7.2212
13.4000 0.3800 7.6976
13.4000 0.4000 8.1735
13.4000 0.4200 8.6490
13.4000 0.4400 9.1241
13.4000 0.4600 9.5989
13.4000 0.4800 10.0734
13.4000 0.5000 10.5476
13.4000 0.5200 11.0215
13.4000 0.5400 11.4951
13.4000 0.5600 11.9685
13.4000 0.5800 12.4416
13.6000 0.1600 2.4304
13.6000 0.1800 2.9125
13.6000 0.2000 3.3933
13.6000 0.2200 3.8730
13.6000 0.2400 4.3518
13.6000 0.2600 4.8297
13.6000 0.2800 5.3070
13.6000 0.3000 5.7835
13.6000 0.3200 6.2595
13.6000 0.3400 6.7348
13.6000 0.3600 7.2097
13.6000 0.3800 7.6840
13.6000 0.4000 8.1580
13.6000 0.4200 8.6315
13.6000 0.4400 9.1046
13.6000 0.4600 9.5774
13.6000 0.4800 10.0498
13.6000 0.5000 10.5220
13.6000 0.5200 10.9939
13.6000 0.5400 11.4654
13.6000 0.5600 11.9367
13.6000 0.5800 12.4078
13.8000 0.1600 2.4379
13.8000 0.1800 2.9181
13.8000 0.2000 3.3971
13.8000 0.2200 3.8749
13.8000 0.2400 4.3517
13.8000 0.2600 4.8277
13.8000 0.2800 5.3030
13.8000 0.3000 5.7775
13.8000 0.3200 6.2515
13.8000 0.3400 6.7249
13.8000 0.3600 7.1977
13.8000 0.3800 7.6701
13.8000 0.4000 8.1419
13.8000 0.4200 8.6134
13.8000 0.4400 9.0845
13.8000 0.4600 9.5552
13.8000 0.4800 10.0256
13.8000 0.5000 10.4958
13.8000 0.5200 10.9656
13.8000 0.5400 11.4351
13.8000 0.5600 11.9043
13.8000 0.5800 12.3733
14.0000 0.1600 2.4451
14.0000 0.1800 2.9234
14.0000 0.2000 3.4004
14.0000 0.2200 3.8762
14.0000 0.2400 4.3511
14.0000 0.2600 4.8251
14.0000 0.2800 5.2983
14.0000 0.3000 5.7709
14.0000 0.3200 6.2428
14.0000 0.3400 6.7141
14.0000 0.3600 7.1849
14.0000 0.3800 7.6552
14.0000 0.4000 8.1250
14.0000 0.4200 8.5944
14.0000 0.4400 9.0633
14.0000 0.4600 9.5320
14.0000 0.4800 10.0003
14.0000 0.5000 10.4683
14.0000 0.5200 10.9360
14.0000 0.5400 11.4034
14.0000 0.5600 11.8705
14.0000 0.5800 12.3373
14.2000 0.1600 2.4523
14.2000 0.1800 2.9287
14.2000 0.2000 3.4038
14.2000 0.2200 3.8776
14.2000 0.2400 4.3505
14.2000 0.2600 4.8225
14.2000 0.2800 5.2937
14.2000 0.3000 5.7642
14.2000 0.3200 6.2341
14.2000 0.3400 6.7034
14.2000 0.3600 7.1721
14.2000 0.3800 7.6403
14.2000 0.4000 8.1080
14.2000 0.4200 8.5753
14.2000 0.4400 9.0422
14.2000 0.4600 9.5087
14.2000 0.4800 9.9749
14.2000 0.5000 10.4408
14.2000 0.5200 10.9064
14.2000 0.5400 11.3717
14.2000 0.5600 11.8367
14.2000 0.5800 12.3014
14.4000 0.1600 2.4595
14.4000 0.1800 2.9340
14.4000 0.2000 3.4071
14.4000 0.2200 3.8790
14.4000 0.2400 4.3499
14.4000 0.2600 4.8199
14.4000 0.2800 5.2891
14.4000 0.3000 5.7576
14.4000 0.3200 6.2254
14.4000 0.3400 6.6926
14.4000 0.3600 7.1592
14.4000 0.3800 7.6254
14.4000 0.4000 8.0910
14.4000 0.4200 8.5562
14.4000 0.4400 9.0210
14.4000 0.4600 9.4855
14.4000 0.4800 9.9496
14.4000 0.5000 10.4134
14.4000 0.5200 10.8768
14.4000 0.5400 11.3400
14.4000 0.5600 11.8028
14.4000 0.5800 12.2654
14.6000 0.1600 2.4667
14.6000 0.1800 2.9393
14.6000 0.2000 3.4105
14.6000 0.2200 3.8804
14.6000 0.2400 4.3493
14.6000 0.2600 4.8173
14.6000 0.2800 5.2845
14.6000 0.3000 5.7509
14.6000 0.3200 6.2167
14.6000 0.3400 6.6818
14.6000 0.3600 7.1464
14.6000 0.3800 7.6105
14.6000 0.4000 8.0741
14.6000 0.4200 8.5372
14.6000 0.4400 8.9999
14.6000 0.4600 9.4622
14.6000 0.4800 9.9242
14.6000 0.5000 10.3859
14.6000 0.5200 10.8472
14.6000 0.5400 11.3083
14.6000 0.5600 11.7690
14.6000 0.5800 12.2295
14.8000 0.1600 2.4739
14.8000 0.1800 2.9446
14.8000 0.2000 3.4138
14.8000 0.2200 3.8818
14.8000 0.2400 4.3487
14.8000 0.2600 4.8147
14.8000 0.2800 5.2798
14.8000 0.3000 5.7442
14.8000 0.3200 6.2080
14.8000 0.3400 6.6711
14.8000 0.3600 7.1336
14.8000 0.3800 7.5956
14.8000 0.4000 8.0571
14.8000 0.4200 8.5181
14.8000 0.4400 8.9787
14.8000 0.4600 9.4390
14.8000 0.4800 9.8988
14.8000 0.5000 10.3584
14.8000 0.5200 10.8176
14.8000 0.5400 11.2765
14.8000 0.5600 11.7352
14.8000 0.5800 12.1935
15.0000 0.1600 2.4812
15.0000 0.1800 2.9499
15.0000 0.2000 3.4172
15.0000 0.2200 3.8832
15.0000 0.2400 4.3481
15.0000 0.2600 4.8121
15.0000 0.2800 5.2752
15.0000 0.3000 5.7376
15.0000 0.3200 6.1993
15.0000 0.3400 6.6603
15.0000 0.3600 7.1208
15.0000 0.3800 7.5807
15.0000 0.4000 8.0401
15.0000 0.4200 8.4990
15.0000 0.4400 8.9576
15.0000 0.4600 9.4157
15.0000 0.4800 9.8735
15.0000 0.5000 10.3309
15.0000 0.5200 10.7880
15.0000 0.5400 11.2448
15.0000 0.5600 11.7013
15.0000 0.5800 12.1575
15.2000 0.1600 2.4882
15.2000 0.1800 2.9550
15.2000 0.2000 3.4203
15.2000 0.2200 3.8843
15.2000 0.2400 4.3472
15.2000 0.2600 4.8092
15.2000 0.2800 5.2703
15.2000 0.3000 5.7306
15.2000 0.3200 6.1902
15.2000 0.3400 6.6492
15.2000 0.3600 7.1076
15.2000 0.3800 7.5654
15.2000 0.4000 8.0227
15.2000 0.4200 8.4795
15.2000 0.4400 8.9359
15.2000 0.4600 9.3920
15.2000 0.4800 9.8476
15.2000 0.5000 10.3029
15.2000 0.5200 10.7579
15.2000 0.5400 11.2126
15.2000 0.5600 11.6669
15.2000 0.5800 12.1210
15.4000 0.1600 2.4949
15.4000 0.1800 2.9598
15.4000 0.2000 3.4231
15.4000 0.2200 3.8850
15.4000 0.2400 4.3459
15.4000 0.2600 4.8058
15.4000 0.2800 5.2648
15.4000 0.3000 5.7231
15.4000 0.3200 6.1806
15.4000 0.3400 6.6375
15.4000 0.3600 7.0937
15.4000 0.3800 7.5494
15.4000 0.4000 8.0046
15.4000 0.4200 8.4593
15.4000 0.4400 8.9136
15.4000 0.4600 9.3674
15.4000 0.4800 9.8209
15.4000 0.5000 10.2741
15.4000 0.5200 10.7269
15.4000 0.5400 11.1794
15.4000 0.5600 11.6315
15.4000 0.5800 12.0834
15.6000 0.1600 2.5017
15.6000 0.1800 2.9645
15.6000 0.2000 3.4258
15.6000 0.2200 3.8858
15.6000 0.2400 4.3446
15.6000 0.2600 4.8024
15.6000 0.2800 5.2594
15.6000 0.3000 5.7155
15.6000 0.3200 6.1710
15.6000 0.3400 6.6257
15.6000 0.3600 7.0799
15.6000 0.3800 7.5334
15.6000 0.4000 7.9865
15.6000 0.4200 8.4391
15.6000 0.4400 8.8912
15.6000 0.4600 9.3429
15.6000 0.4800 9.7942
15.6000 0.5000 10.2452
15.6000 0.5200 10.6958
15.6000 0.5400 11.1462
15.6000 0.5600 11.5962
15.6000 0.5800 12.0459
15.8000 0.1600 2.5084
15.8000 0.1800 2.9693
15.8000 0.2000 3.4286
15.8000 0.2200 3.8865
15.8000 0.2400 4.3433
15.8000 0.2600 4.7991
15.8000 0.2800 5.2540
15.8000 0.3000 5.7080
15.8000 0.3200 6.1613
15.8000 0.3400 6.6140
15.8000 0.3600 7.0660
15.8000 0.3800 7.5175
15.8000 0.4000 7.9684
15.8000 0.4200 8.4188
15.8000 0.4400 8.8688
15.8000 0.4600 9.3183
15.8000 0.4800 9.7675
15.8000 0.5000 10.2163
15.8000 0.5200 10.6648
15.8000 0.5400 11.1129
15.8000 0.5600 11.5608
15.8000 0.5800 12.0083
16.0000 0.1600 2.5151
16.0000 0.1800 2.9740
16.0000 0.2000 3.4313
16.0000 0.2200 3.8873
16.0000 0.2400 4.3420
16.0000 0.2600 4.7957
16.0000 0.2800 5.2485
16.0000 0.3000 5.7005
16.0000 0.3200 6.1517
16.0000 0.3400 6.6023
16.0000 0.3600 7.0522
16.0000 0.3800 7.5015
16.0000 0.4000 7.9503
16.0000 0.4200 8.3985
16.0000 0.4400 8.8464
16.0000 0.4600 9.2938
16.0000 0.4800 9.7408
16.0000 0.5000 10.1875
16.0000 0.5200 10.6338
16.0000 0.5400 11.0797
16.0000 0.5600 11.5254
16.0000 0.5800 11.9707
16.2000 0.1600 2.5219
16.2000 0.1800 2.9788
16.2000 0.2000 3.4341
16.2000 0.2200 3.8880
16.2000 0.2400 4.3407
16.2000 0.2600 4.7923
16.2000 0.2800 5.2431
16.2000 0.3000 5.6930
16.2000 0.3200 6.1421
16.2000 0.3400 6.5905
16.2000 0.3600 7.0383
16.2000 0.3800 7.4855
16.2000 0.4000 7.9322
16.2000 0.4200 8.3783
16.2000 0.4400 8.8240
16.2000 0.4600 9.2692
16.2000 0.4800 9.7141
16.2000 0.5000 10.1586
16.2000 0.5200 10.6027
16.2000 0.5400 11.0465
16.2000 0.5600 11.4900
16.2000 0.5800 11.9331
16.4000 0.1600 2.5286
16.4000 0.1800 2.9836
16.4000 0.2000 3.4369
16.4000 0.2200 3.8887
16.4000 0.2400 4.3394
16.4000 0.2600 4.7890
16.4000 0.2800 5.2376
16.4000 0.3000 5.6854
16.4000 0.3200 6.1325
16.4000 0.3400 6.5788
16.4000 0.3600 7.0245
16.4000 0.3800 7.4695
16.4000 0.4000 7.9140
16.4000 0.4200 8.3580
16.4000 0.4400 8.8016
16.4000 0.4600 9.2447
16.4000 0.4800 9.6874
16.4000 0.5000 10.1297
16.4000 0.5200 10.5717
16.4000 0.5400 11.0133
16.4000 0.5600 11.4546
16.4000 0.5800 11.8956
16.6000 0.1600 2.5351
16.6000 0.1800 2.9881
16.6000 0.2000 3.4394
16.6000 0.2200 3.8892
16.6000 0.2400 4.3378
16.6000 0.2600 4.7853
16.6000 0.2800 5.2319
16.6000 0.3000 5.6776
16.6000 0.3200 6.1225
16.6000 0.3400 6.5667
16.6000 0.3600 7.0103
16.6000 0.3800 7.4532
16.6000 0.4000 7.8956
16.6000 0.4200 8.3374
16.6000 0.4400 8.7788
16.6000 0.4600 9.2197
16.6000 0.4800 9.6603
16.6000 0.5000 10.1004
16.6000 0.5200 10.5402
16.6000 0.5400 10.9797
16.6000 0.5600 11.4188
16.6000 0.5800 11.8576
16.8000 0.1600 2.5414
16.8000 0.1800 2.9923
16.8000 0.2000 3.4416
16.8000 0.2200 3.8894
16.8000 0.2400 4.3359
16.8000 0.2600 4.7813
16.8000 0.2800 5.2258
16.8000 0.3000 5.6694
16.8000 0.3200 6.1122
16.8000 0.3400 6.5542
16.8000 0.3600 6.9956
16.8000 0.3800 7.4364
16.8000 0.4000 7.8766
16.8000 0.4200 8.3163
16.8000 0.4400 8.7555
16.8000 0.4600 9.1942
16.8000 0.4800 9.6326
16.8000 0.5000 10.0706
16.8000 0.5200 10.5082
16.8000 0.5400 10.9454
16.8000 0.5600 11.3823
16.8000 0.5800 11.8189
17.0000 0.1600 2.5476
17.0000 0.1800 2.9966
17.0000 0.2000 3.4438
17.0000 0.2200 3.8895
17.0000 0.2400 4.3340
17.0000 0.2600 4.7773
17.0000 0.2800 5.2196
17.0000 0.3000 5.6611
17.0000 0.3200 6.1018
17.0000 0.3400 6.5417
17.0000 0.3600 6.9810
17.0000 0.3800 7.4196
17.0000 0.4000 7.8576
17.0000 0.4200 8.2952
17.0000 0.4400 8.7322
17.0000 0.4600 9.1687
17.0000 0.4800 9.6049
17.0000 0.5000 10.0407
17.0000 0.5200 10.4761
17.0000 0.5400 10.9112
17.0000 0.5600 11.3459
17.0000 0.5800 11.7803
17.2000 0.1600 2.5538
17.2000 0.1800 3.0008
17.2000 0.2000 3.4460
17.2000 0.2200 3.8897
17.2000 0.2400 4.3320
17.2000 0.2600 4.7733
17.2000 0.2800 5.2135
17.2000 0.3000 5.6529
17.2000 0.3200 6.0914
17.2000 0.3400 6.5292
17.2000 0.3600 6.9663
17.2000 0.3800 7.4028
17.2000 0.4000 7.8387
17.2000 0.4200 8.2740
17.2000 0.4400 8.7089
17.2000 0.4600 9.1433
17.2000 0.4800 9.5773
17.2000 0.5000 10.0109
17.2000 0.5200 10.4441
17.2000 0.5400 10.8769
17.2000 0.5600 11.3094
17.2000 0.5800 11.7416
17.4000 0.1600 2.5600
17.4000 0.1800 3.0050
17.4000 0.2000 3.4482
17.4000 0.2200 3.8898
17.4000 0.2400 4.3301
17.4000 0.2600 4.7692
17.4000 0.2800 5.2074
17.4000 0.3000 5.6446
17.4000 0.3200 6.0810
17.4000 0.3400 6.5167
17.4000 0.3600 6.9517
17.4000 0.3800 7.3860
17.4000 0.4000 7.8197
17.4000 0.4200 8.2529
17.4000 0.4400 8.6856
17.4000 0.4600 9.1178
17.4000 0.4800 9.5496
17.4000 0.5000 9.9810
17.4000 0.5200 10.4120
17.4000 0.5400 10.8427
17.4000 0.5600 11.2730
17.4000 0.5800 11.7029
17.6000 0.1600 2.5663
17.6000 0.1800 3.0092
17.6000 0.2000 3.4504
17.6000 0.2200 3.8899
17.6000 0.2400 4.3282
17.6000 0.2600 4.7652
17.6000 0.2800 5.2013
17.6000 0.3000 5.6364
17.6000 0.3200 6.0707
17.6000 0.3400 6.5042
17.6000 0.3600 6.9370
17.6000 0.3800 7.3692
17.6000 0.4000 7.8007
17.6000 0.4200 8.2317
17.6000 0.4400 8.6622
17.6000 0.4600 9.0923
17.6000 0.4800 9.5219
17.6000 0.5000 9.9511
17.6000 0.5200 10.3800
17.6000 0.5400 10.8084
17.6000 0.5600 11.2365
17.6000 0.5800 11.6643
17.8000 0.1600 2.5725
17.8000 0.1800 3.0134
17.8000 0.2000 3.4525
17.8000 0.2200 3.8901
17.8000 0.2400 4.3262
17.8000 0.2600 4.7612
17.8000 0.2800 5.1951
17.8000 0.3000 5.6281
17.8000 0.3200 6.0603
17.8000 0.3400 6.4917
17.8000 0.3600 6.9223
17.8000 0.3800 7.3524
17.8000 0.4000 7.7818
17.8000 0.4200 8.2106
17.8000 0.4400 8.6389
17.8000 0.4600 9.0668
17.8000 0.4800 9.4942
17.8000 0.5000 9.9213
17.8000 0.5200 10.3479
17.8000 0.5400 10.7742
17.8000 0.5600 11.2001
17.8000 0.5800 11.6256
18.0000 0.1600 2.5785
18.0000 0.1800 3.0174
18.0000 0.2000 3.4545
18.0000 0.2200 3.8900
18.0000 0.2400 4.3240
18.0000 0.2600 4.7569
18.0000 0.2800 5.1887
18.0000 0.3000 5.6196
18.0000 0.3200 6.0497
18.0000 0.3400 6.4789
18.0000 0.3600 6.9074
18.0000 0.3800 7.3353
18.0000 0.4000 7.7625
18.0000 0.4200 8.1892
18.0000 0.4400 8.6154
18.0000 0.4600 9.0410
18.0000 0.4800 9.4663
18.0000 0.5000 9.8911
18.0000 0.5200 10.3156
18.0000 0.5400 10.7396
18.0000 0.5600 11.1633
18.0000 0.5800 11.5867
18.2000 0.1600 2.5842
18.2000 0.1800 3.0211
18.2000 0.2000 3.4561
18.2000 0.2200 3.8896
18.2000 0.2400 4.3215
18.2000 0.2600 4.7523
18.2000 0.2800 5.1820
18.2000 0.3000 5.6108
18.2000 0.3200 6.0387
18.2000 0.3400 6.4658
18.2000 0.3600 6.8922
18.2000 0.3800 7.3179
18.2000 0.4000 7.7430
18.2000 0.4200 8.1675
18.2000 0.4400 8.5914
18.2000 0.4600 9.0149
18.2000 0.4800 9.4380
18.2000 0.5000 9.8607
18.2000 0.5200 10.2829
18.2000 0.5400 10.7048
18.2000 0.5600 11.1263
18.2000 0.5800 11.5474
18.4000 0.1600 2.5899
18.4000 0.1800 3.0248
18.4000 0.2000 3.4578
18.4000 0.2200 3.8891
18.4000 0.2400 4.3190
18.4000 0.2600 4.7477
18.4000 0.2800 5.1753
18.4000 0.3000 5.6020
18.4000 0.3200 6.0277
18.4000 0.3400 6.4527
18.4000 0.3600 6.8769
18.4000 0.3800 7.3005
18.4000 0.4000 7.7234
18.4000 0.4200 8.1457
18.4000 0.4400 8.5675
18.4000 0.4600 8.9888
18.4000 0.4800 9.4097
18.4000 0.5000 9.8302
18.4000 0.5200 10.2502
18.4000 0.5400 10.6699
18.4000 0.5600 11.0892
18.4000 0.5800 11.5081
18.6000 0.1600 2.5956
18.6000 0.1800 3.0285
18.6000 0.2000 3.4594
18.6000 0.2200 3.8887
18.6000 0.2400 4.3166
18.6000 0.2600 4.7431
18.6000 0.2800 5.1686
18.6000 0.3000 5.5931
18.6000 0.3200 6.0168
18.6000 0.3400 6.4396
18.6000 0.3600 6.8617
18.6000 0.3800 7.2831
18.6000 0.4000 7.7038
18.6000 0.4200 8.1240
18.6000 0.4400 8.5436
18.6000 0.4600 8.9627
18.6000 0.4800 9.3814
18.6000 0.5000 9.7997
18.6000 0.5200 10.2176
18.6000 0.5400 10.6350
18.6000 0.5600 11.0521
18.6000 0.5800 11.4689
18.8000 0.1600 2.6013
18.8000 0.1800 3.0322
18.8000 0.2000 3.4611
18.8000 0.2200 3.8883
18.8000 0.2400 4.3141
18.8000 0.2600 4.7385
18.8000 0.2800 5.1619
18.8000 0.3000 5.5843
18.8000 0.3200 6.0058
18.8000 0.3400 6.4265
18.8000 0.3600 6.8464
18.8000 0.3800 7.2657
18.8000 0.4000 7.6842
18.8000 0.4200 8.1022
18.8000 0.4400 8.5197
18.8000 0.4600 8.9367
18.8000 0.4800 9.3532
18.8000 0.5000 9.7692
18.8000 0.5200 10.1849
18.8000 0.5400 10.6002
18.8000 0.5600 11.0151
18.8000 0.5800 11.4296
19.0000 0.1600 2.6070
19.0000 0.1800 3.0359
19.0000 0.2000 3.4627
19.0000 0.2200 3.8879
19.0000 0.2400 4.3116
19.0000 0.2600 4.7339
19.0000 0.2800 5.1552
19.0000 0.3000 5.5755
19.0000 0.3200 5.9949
19.0000 0.3400 6.4134
19.0000 0.3600 6.8312
19.0000 0.3800 7.2483
19.0000 0.4000 7.6647
19.0000 0.4200 8.0805
19.0000 0.4400 8.4958
19.0000 0.4600 8.9106
19.0000 0.4800 9.3249
19.0000 0.5000 9.7388
19.0000 0.5200 10.1522
19.0000 0.5400 10.5653
19.0000 0.5600 10.9780
19.0000 0.5800 11.3903
19.2000 0.1600 2.6127
19.2000 0.1800 3.0395
19.2000 0.2000 3.4644
19.2000 0.2200 3.8875
19.2000 0.2400 4.3091
19.2000 0.2600 4.7294
19.2000 0.2800 5.1485
19.2000 0.3000 5.5667
19.2000 0.3200 5.9839
19.2000 0.3400 6.4003
19.2000 0.3600 6.8159
19.2000 0.3800 7.2308
19.2000 0.4000 7.6451
19.2000 0.4200 8.0588
19.2000 0.4400 8.4719
19.2000 0.4600 8.8845
19.2000 0.4800 9.2966
19.2000 0.5000 9.7083
19.2000 0.5200 10.1196
19.2000 0.5400 10.5304
19.2000 0.5600 10.9409
19.2000 0.5800 11.3510
19.4000 0.1600 2.6181
19.4000 0.1800 3.0430
19.4000 0.2000 3.4658
19.4000 0.2200 3.8868
19.4000 0.2400 4.3063
19.4000 0.2600 4.7245
19.4000 0.2800 5.1416
19.4000 0.3000 5.5576
19.4000 0.3200 5.9727
19.4000 0.3400 6.3870
19.4000 0.3600 6.8005
19.4000 0.3800 7.2132
19.4000 0.4000 7.6253
19.4000 0.4200 8.0368
19.4000 0.4400 8.4478
19.4000 0.4600 8.8582
19.4000 0.4800 9.2682
19.4000 0.5000 9.6777
19.4000 0.5200 10.0868
19.4000 0.5400 10.4954
19.4000 0.5600 10.9037
19.4000 0.5800 11.3116
19.6000 0.1600 2.6233
19.6000 0.1800 3.0461
19.6000 0.2000 3.4669
19.6000 0.2200 3.8859
19.6000 0.2400 4.3034
19.6000 0.2600 4.7195
19.6000 0.2800 5.1344
19.6000 0.3000 5.5483
19.6000 0.3200 5.9613
19.6000 0.3400 6.3735
19.6000 0.3600 6.7848
19.6000 0.3800 7.1955
19.6000 0.4000 7.6054
19.6000 0.4200 8.0148
19.6000 0.4400 8.4235
19.6000 0.4600 8.8318
19.6000 0.4800 9.2396
19.6000 0.5000 9.6469
19.6000 0.5200 10.0538
19.6000 0.5400 10.4603
19.6000 0.5600 10.8664
19.6000 0.5800 11.2722
19.8000 0.1600 2.6284
19.8000 0.1800 3.0493
19.8000 0.2000 3.4681
19.8000 0.2200 3.8850
19.8000 0.2400 4.3004
19.8000 0.2600 4.7144
19.8000 0.2800 5.1273
19.8000 0.3000 5.5391
19.8000 0.3200 5.9499
19.8000 0.3400 6.3600
19.8000 0.3600 6.7692
19.8000 0.3800 7.1777
19.8000 0.4000 7.5855
19.8000 0.4200 7.9927
19.8000 0.4400 8.3993
19.8000 0.4600 8.8054
19.8000 0.4800 9.2110
19.8000 0.5000 9.6162
19.8000 0.5200 10.0209
19.8000 0.5400 10.4252
19.8000 0.5600 10.8291
19.8000 0.5800 11.2327
20.0000 0.1600 2.6336
20.0000 0.1800 3.0525
20.0000 0.2000 3.4692
20.0000 0.2200 3.8841
20.0000 0.2400 4.2974
20.0000 0.2600 4.7093
20.0000 0.2800 5.1201
20.0000 0.3000 5.5298
20.0000 0.3200 5.9386
20.0000 0.3400 6.3464
20.0000 0.3600 6.7535
20.0000 0.3800 7.1599
20.0000 0.4000 7.5655
20.0000 0.4200 7.9706
20.0000 0.4400 8.3750
20.0000 0.4600 8.7789
20.0000 0.4800 9.1824
20.0000 0.5000 9.5854
20.0000 0.5200 9.9880
20.0000 0.5400 10.3901
20.0000 0.5600 10.7918
20.0000 0.5800 11.1932
20.2000 0.1600 2.6388
20.2000 0.1800 3.0556
20.2000 0.2000 3.4703
20.2000 0.2200 3.8832
20.2000 0.2400 4.2944
20.2000 0.2600 4.7043
20.2000 0.2800 5.1129
20.2000 0.3000 5.5205
20.2000 0.3200 5.9272
20.2000 0.3400 6.3329
20.2000 0.3600 6.7379
20.2000 0.3800 7.1421
20.2000 0.4000 7.5456
20.2000 0.4200 7.9485
20.2000 0.4400 8.3508
20.2000 0.4600 8.7525
20.2000 0.4800 9.1538
20.2000 0.5000 9.5546
20.2000 0.5200 9.9550
20.2000 0.5400 10.3550
20.2000 0.5600 10.7545
20.2000 0.5800 11.1537
20.4000 0.1600 2.6440
20.4000 0.1800 3.0588
20.4000 0.2000 3.4715
20.4000 0.2200 3.8823
20.4000 0.2400 4.2914
20.4000 0.2600 4.6992
20.4000 0.2800 5.1058
20.4000 0.3000 5.5113
20.4000 0.3200 5.9158
20.4000 0.3400 6.3194
20.4000 0.3600 6.7222
20.4000 0.3800 7.1243
20.4000 0.4000 7.5257
20.4000 0.4200 7.9264
20.4000 0.4400 8.3265
20.4000 0.4600 8.7261
20.4000 0.4800 9.1252
20.4000 0.5000 9.5239
20.4000 0.5200 9.9221
20.4000 0.5400 10.3198
20.4000 0.5600 10.7172
20.4000 0.5800 11.1142
20.6000 0.1600 2.6491
20.6000 0.1800 3.0620
20.6000 0.2000 3.4726
20.6000 0.2200 3.8814
20.6000 0.2400 4.2885
20.6000 0.2600 4.6941
20.6000 0.2800 5.0986
20.6000 0.3000 5.5020
20.6000 0.3200 5.9044
20.6000 0.3400 6.3059
20.6000 0.3600 6.7066
20.6000 0.3800 7.1065
20.6000 0.4000 7.5057
20.6000 0.4200 7.9043
20.6000 0.4400 8.3023
20.6000 0.4600 8.6997
20.6000 0.4800 9.0966
20.6000 0.5000 9.4931
20.6000 0.5200 9.8891
20.6000 0.5400 10.2847
20.6000 0.5600 10.6799
20.6000 0.5800 11.0747
20.8000 0.1600 2.6540
20.8000 0.1800 3.0649
20.8000 0.2000 3.4735
20.8000 0.2200 3.8802
20.8000 0.2400 4.2852
20.8000 0.2600 4.6888
20.8000 0.2800 5.0912
20.8000 0.3000 5.4925
20.8000 0.3200 5.8928
20.8000 0.3400 6.2922
20.8000 0.3600 6.6908
20.8000 0.3800 7.0886
20.8000 0.4000 7.4857
20.8000 0.4200 7.8821
20.8000 0.4400 8.2779
20.8000 0.4600 8.6732
20.8000 0.4800 9.0680
20.8000 0.5000 9.4624
20.8000 0.5200 9.8562
20.8000 0.5400 10.2496
20.8000 0.5600 10.6427
20.8000 0.5800 11.0353
21.0000 0.1600 2.6587
21.0000 0.1800 3.0675
21.0000 0.2000 3.4742
21.0000 0.2200 3.8789
21.0000 0.2400 4.2819
21.0000 0.2600 4.6834
21.0000 0.2800 5.0837
21.0000 0.3000 5.4829
21.0000 0.3200 5.8811
21.0000 0.3400 6.2784
21.0000 0.3600 6.6749
21.0000 0.3800 7.0706
21.0000 0.4000 7.4656
21.0000 0.4200 7.8599
21.0000 0.4400 8.2536
21.0000 0.4600 8.6468
21.0000 0.4800 9.0394
21.0000 0.5000 9.4316
21.0000 0.5200 9.8233
21.0000 0.5400 10.2146
21.0000 0.5600 10.6055
21.0000 0.5800 10.9959
21.2000 0.1600 2.6633
21.2000 0.1800 3.0702
21.2000 0.2000 3.4748
21.2000 0.2200 3.8775
21.2000 0.2400 4.2785
21.2000 0.2600 4.6779
21.2000 0.2800 5.0762
21.2000 0.3000 5.4733
21.2000 0.3200 5.8695
21.2000 0.3400 6.2647
21.2000 0.3600 6.6590
21.2000 0.3800 7.0526
21.2000 0.4000 7.4455
21.2000 0.4200 7.8377
21.2000 0.4400 8.2292
21.2000 0.4600 8.6203
21.2000 0.4800 9.0108
21.2000 0.5000 9.4008
21.2000 0.5200 9.7904
21.2000 0.5400 10.1795
21.2000 0.5600 10.5683
21.2000 0.5800 10.9566
21.4000 0.1600 2.6680
21.4000 0.1800 3.0729
21.4000 0.2000 3.4755
21.4000 0.2200 3.8761
21.4000 0.2400 4.2751
21.4000 0.2600 4.6725
21.4000 0.2800 5.0687
21.4000 0.3000 5.4637
21.4000 0.3200 5.8578
21.4000 0.3400 6.2509
21.4000 0.3600 6.6431
21.4000 0.3800 7.0346
21.4000 0.4000 7.4253
21.4000 0.4200 7.8154
21.4000 0.4400 8.2049
21.4000 0.4600 8.5938
21.4000 0.4800 8.9822
21.4000 0.5000 9.3701
21.4000 0.5200 9.7575
21.4000 0.5400 10.1445
21.4000 0.5600 10.5311
21.4000 0.5800 10.9172
21.6000 0.1600 2.6726
21.6000 0.1800 3.0756
21.6000 0.2000 3.4762
21.6000 0.2200 3.8748
21.6000 0.2400 4.2717
21.6000 0.2600 4.6670
21.6000 0.2800 5.0611
21.6000 0.3000 5.4541
21.6000 0.3200 5.8461
21.6000 0.3400 6.2371
21.6000 0.3600 6.6272
21.6000 0.3800 7.0166
21.6000 0.4000 7.4052
21.6000 0.4200 7.7932
21.6000 0.4400 8.1805
21.6000 0.4600 8.5673
21.6000 0.4800 8.9535
21.6000 0.5000 9.3393
21.6000 0.5200 9.7246
21.6000 0.5400 10.1094
21.6000 0.5600 10.4939
21.6000 0.5800 10.8779
21.8000 0.1600 2.6773
21.8000 0.1800 3.0782
21.8000 0.2000 3.4768
21.8000 0.2200 3.8734
21.8000 0.2400 4.2683
21.8000 0.2600 4.6616
21.8000 0.2800 5.0536
21.8000 0.3000 5.4445
21.8000 0.3200 5.8344
21.8000 0.3400 6.2233
21.8000 0.3600 6.6113
21.8000 0.3800 6.9986
21.8000 0.4000 7.3851
21.8000 0.4200 7.7710
21.8000 0.4400 8.1562
21.8000 0.4600 8.5408
21.8000 0.4800 8.9249
21.8000 0.5000 9.3085
21.8000 0.5200 9.6917
21.8000 0.5400 10.0744
21.8000 0.5600 10.4567
21.8000 0.5800 10.8385
22.0000 0.1600 2.6819
22.0000 0.1800 3.0809
22.0000 0.2000 3.4775
22.0000 0.2200 3.8721
22.0000 0.2400 4.2649
22.0000 0.2600 4.6561
22.0000 0.2800 5.0461
22.0000 0.3000 5.4349
22.0000 0.3200 5.8227
22.0000 0.3400 6.2095
22.0000 0.3600 6.5955
22.0000 0.3800 6.9806
22.0000 0.4000 7.3650
22.0000 0.4200 7.7487
22.0000 0.4400 8.1318
22.0000 0.4600 8.5143
22.0000 0.4800 8.8963
22.0000 0.5000 9.2778
22.0000 0.5200 9.6588
22.0000 0.5400 10.0393
22.0000 0.5600 10.4195
22.0000 0.5800 10.7992
22.2000 0.1600 2.6863
22.2000 0.1800 3.0833
22.2000 0.2000 3.4779
22.2000 0.2200 3.8705
22.2000 0.2400 4.2613
22.2000 0.2600 4.6505
22.2000 0.2800 5.0384
22.2000 0.3000 5.4252
22.2000 0.3200 5.8109
22.2000 0.3400 6.1957
22.2000 0.3600 6.5795
22.2000 0.3800 6.9626
22.2000 0.4000 7.3449
22.2000 0.4200 7.7265
22.2000 0.4400 8.1075
22.2000 0.4600 8.4879
22.2000 0.4800 8.8678
22.2000 0.5000 9.2472
22.2000 0.5200 9.6260
22.2000 0.5400 10.0045
22.2000 0.5600 10.3825
22.2000 0.5800 10.7601
22.4000 0.1600 2.6904
22.4000 0.1800 3.0855
22.4000 0.2000 3.4782
22.4000 0.2200 3.8688
22.4000 0.2400 4.2575
22.4000 0.2600 4.6447
22.4000 0.2800 5.0306
22.4000 0.3000 5.4154
22.4000 0.3200 5.7990
22.4000 0.3400 6.1817
22.4000 0.3600 6.5635
22.4000 0.3800 6.9445
22.4000 0.4000 7.3248
22.4000 0.4200 7.7043
22.4000 0.4400 8.0832
22.4000 0.4600 8.4616
22.4000 0.4800 8.8393
22.4000 0.5000 9.2166
22.4000 0.5200 9.5934
22.4000 0.5400 9.9698
22.4000 0.5600 10.3457
22.4000 0.5800 10.7211
22.6000 0.1600 2.6946
22.6000 0.1800 3.0877
22.6000 0.2000 3.4784
22.6000 0.2200 3.8670
22.6000 0.2400 4.2538
22.6000 0.2600 4.6390
22.6000 0.2800 5.0229
22.6000 0.3000 5.4055
22.6000 0.3200 5.7872
22.6000 0.3400 6.1678
22.6000 0.3600 6.5476
22.6000 0.3800 6.9265
22.6000 0.4000 7.3047
22.6000 0.4200 7.6822
22.6000 0.4400 8.0590
22.6000 0.4600 8.4352
22.6000 0.4800 8.8109
22.6000 0.5000 9.1861
22.6000 0.5200 9.5608
22.6000 0.5400 9.9350
22.6000 0.5600 10.3088
22.6000 0.5800 10.6822
22.8000 0.1600 2.6987
22.8000 0.1800 3.0899
22.8000 0.2000 3.4786
22.8000 0.2200 3.8653
22.8000 0.2400 4.2500
22.8000 0.2600 4.6332
22.8000 0.2800 5.0151
22.8000 0.3000 5.3957
22.8000 0.3200 5.7753
22.8000 0.3400 6.1539
22.8000 0.3600 6.5316
22.8000 0.3800 6.9085
22.8000 0.4000 7.2846
22.8000 0.4200 7.6600
22.8000 0.4400 8.0347
22.8000 0.4600 8.4089
22.8000 0.4800 8.7825
22.8000 0.5000 9.1556
22.8000 0.5200 9.5282
22.8000 0.5400 9.9003
22.8000 0.5600 10.2720
22.8000 0.5800 10.6433
23.0000 0.1600 2.7029
23.0000 0.1800 3.0921
23.0000 0.2000 3.4789
23.0000 0.2200 3.8635
23.0000 0.2400 4.2463
23.0000 0.2600 4.6275
23.0000 0.2800 5.0073
23.0000 0.3000 5.3859
23.0000 0.3200 5.7634
23.0000 0.3400 6.1400
23.0000 0.3600 6.5156
23.0000 0.3800 6.8904
23.0000 0.4000 7.2645
23.0000 0.4200 7.6378
23.0000 0.4400 8.0105
23.0000 0.4600 8.3825
23.0000 0.4800 8.7540
23.0000 0.5000 9.1250
23.0000 0.5200 9.4955
23.0000 0.5400 9.8656
23.0000 0.5600 10.2352
23.0000 0.5800 10.6044
23.2000 0.1600 2.7070
23.2000 0.1800 3.0943
23.2000 0.2000 3.4791
23.2000 0.2200 3.8618
23.2000 0.2400 4.2426
23.2000 0.2600 4.6217
23.2000 0.2800 4.9995
23.2000 0.3000 5.3761
23.2000 0.3200 5.7516
23.2000 0.3400 6.1261
23.2000 0.3600 6.4996
23.2000 0.3800 6.8724
23.2000 0.4000 7.2443
23.2000 0.4200 7.6156
23.2000 0.4400 7.9862
23.2000 0.4600 8.3562
23.2000 0.4800 8.7256
23.2000 0.5000 9.0945
23.2000 0.5200 9.4629
23.2000 0.5400 9.8309
23.2000 0.5600 10.1984
23.2000 0.5800 10.5654
23.4000 0.1600 2.7112
23.4000 0.1800 3.0965
23.4000 0.2000 3.4794
23.4000 0.2200 3.8601
23.4000 0.2400 4.2388
23.4000 0.2600 4.6159
23.4000 0.2800 4.9917
23.4000 0.3000 5.3663
23.4000 0.3200 5.7397
23.4000 0.3400 6.1121
23.4000 0.3600 6.4837
23.4000 0.3800 6.8543
23.4000 0.4000 7.2242
23.4000 0.4200 7.5934
23.4000 0.4400 7.9619
23.4000 0.4600 8.3298
23.4000 0.4800 8.6972
23.4000 0.5000 9.0640
23.4000 0.5200 9.4303
23.4000 0.5400 9.7961
23.4000 0.5600 10.1615
23.4000 0.5800 10.5265
23.6000 0.1600 2.7150
23.6000 0.1800 3.0985
23.6000 0.2000 3.4794
23.6000 0.2200 3.8581
23.6000 0.2400 4.2349
23.6000 0.2600 4.6100
23.6000 0.2800 4.9838
23.6000 0.3000 5.3564
23.6000 0.3200 5.7278
23.6000 0.3400 6.0982
23.6000 0.3600 6.4677
23.6000 0.3800 6.8364
23.6000 0.4000 7.2042
23.6000 0.4200 7.5714
23.6000 0.4400 7.9378
23.6000 0.4600 8.3037
23.6000 0.4800 8.6690
23.6000 0.5000 9.0337
23.6000 0.5200 9.3980
23.6000 0.5400 9.7618
23.6000 0.5600 10.1251
23.6000 0.5800 10.4880
23.8000 0.1600 2.7187
23.8000 0.1800 3.1002
23.8000 0.2000 3.4792
23.8000 0.2200 3.8560
23.8000 0.2400 4.2309
23.8000 0.2600 4.6040
23.8000 0.2800 4.9758
23.8000 0.3000 5.3464
23.8000 0.3200 5.7158
23.8000 0.3400 6.0843
23.8000 0.3600 6.4518
23.8000 0.3800 6.8184
23.8000 0.4000 7.1843
23.8000 0.4200 7.5494
23.8000 0.4400 7.9138
23.8000 0.4600 8.2776
23.8000 0.4800 8.6409
23.8000 0.5000 9.0036
23.8000 0.5200 9.3659
23.8000 0.5400 9.7276
23.8000 0.5600 10.0889
23.8000 0.5800 10.4497
24.0000 0.1600 2.7223
24.0000 0.1800 3.1020
24.0000 0.2000 3.4791
24.0000 0.2200 3.8539
24.0000 0.2400 4.2268
24.0000 0.2600 4.5980
24.0000 0.2800 4.9679
24.0000 0.3000 5.3365
24.0000 0.3200 5.7039
24.0000 0.3400 6.0703
24.0000 0.3600 6.4358
24.0000 0.3800 6.8005
24.0000 0.4000 7.1643
24.0000 0.4200 7.5274
24.0000 0.4400 7.8898
24.0000 0.4600 8.2516
24.0000 0.4800 8.6128
24.0000 0.5000 8.9735
24.0000 0.5200 9.3337
24.0000 0.5400 9.6934
24.0000 0.5600 10.0527
24.0000 0.5800 10.4115
24.2000 0.1600 2.7260
24.2000 0.1800 3.1038
24.2000 0.2000 3.4789
24.2000 0.2200 3.8519
24.2000 0.2400 4.2228
24.2000 0.2600 4.5921
24.2000 0.2800 4.9599
24.2000 0.3000 5.3265
24.2000 0.3200 5.6920
24.2000 0.3400 6.0564
24.2000 0.3600 6.4199
24.2000 0.3800 6.7825
24.2000 0.4000 7.1443
24.2000 0.4200 7.5054
24.2000 0.4400 7.8658
24.2000 0.4600 8.2256
24.2000 0.4800 8.5848
24.2000 0.5000 8.9434
24.2000 0.5200 9.3016
24.2000 0.5400 9.6592
24.2000 0.5600 10.0164
24.2000 0.5800 10.3732
24.4000 0.1600 2.7297
24.4000 0.1800 3.1056
24.4000 0.2000 3.4788
24.4000 0.2200 3.8498
24.4000 0.2400 4.2188
24.4000 0.2600 4.5861
24.4000 0.2800 4.9519
24.4000 0.3000 5.3166
24.4000 0.3200 5.6800
24.4000 0.3400 6.0425
24.4000 0.3600 6.4040
24.4000 0.3800 6.7646
24.4000 0.4000 7.1244
24.4000 0.4200 7.4834
24.4000 0.4400 7.8418
24.4000 0.4600 8.1995
24.4000 0.4800 8.5567
24.4000 0.5000 8.9133
24.4000 0.5200 9.2694
24.4000 0.5400 9.6251
24.4000 0.5600 9.9802
24.4000 0.5800 10.3349
24.6000 0.1600 2.7333
24.6000 0.1800 3.1073
24.6000 0.2000 3.4786
24.6000 0.2200 3.8477
24.6000 0.2400 4.2148
24.6000 0.2600 4.5801
24.6000 0.2800 4.9440
24.6000 0.3000 5.3066
24.6000 0.3200 5.6681
24.6000 0.3400 6.0285
24.6000 0.3600 6.3880
24.6000 0.3800 6.7466
24.6000 0.4000 7.1044
24.6000 0.4200 7.4614
24.6000 0.4400 7.8178
24.6000 0.4600 8.1735
24.6000 0.4800 8.5286
24.6000 0.5000 8.8832
24.6000 0.5200 9.2373
24.6000 0.5400 9.5909
24.6000 0.5600 9.9440
24.6000 0.5800 10.2967
24.8000 0.1600 2.7370
24.8000 0.1800 3.1091
24.8000 0.2000 3.4785
24.8000 0.2200 3.8456
24.8000 0.2400 4.2107
24.8000 0.2600 4.5741
24.8000 0.2800 4.9360
24.8000 0.3000 5.2967
24.8000 0.3200 5.6561
24.8000 0.3400 6.0146
24.8000 0.3600 6.3721
24.8000 0.3800 6.7287
24.8000 0.4000 7.0844
24.8000 0.4200 7.4395
24.8000 0.4400 7.7938
24.8000 0.4600 8.1475
24.8000 0.4800 8.5006
24.8000 0.5000 8.8531
24.8000 0.5200 9.2052
24.8000 0.5400 9.5567
24.8000 0.5600 9.9078
24.8000 0.5800 10.2584
25.0000 0.1600 2.7404
25.0000 0.1800 3.1106
25.0000 0.2000 3.4781
25.0000 0.2200 3.8434
25.0000 0.2400 4.2065
25.0000 0.2600 4.5680
25.0000 0.2800 4.9280
25.0000 0.3000 5.2867
25.0000 0.3200 5.6442
25.0000 0.3400 6.0007
25.0000 0.3600 6.3562
25.0000 0.3800 6.7109
25.0000 0.4000 7.0647
25.0000 0.4200 7.4177
25.0000 0.4400 7.7701
25.0000 0.4600 8.1218
25.0000 0.4800 8.4729
25.0000 0.5000 8.8235
25.0000 0.5200 9.1735
25.0000 0.5400 9.5230
25.0000 0.5600 9.8721
25.0000 0.5800 10.2207
25.2000 0.1600 2.7436
25.2000 0.1800 3.1120
25.2000 0.2000 3.4776
25.2000 0.2200 3.8410
25.2000 0.2400 4.2023
25.2000 0.2600 4.5618
25.2000 0.2800 4.9199
25.2000 0.3000 5.2767
25.2000 0.3200 5.6323
25.2000 0.3400 5.9868
25.2000 0.3600 6.3404
25.2000 0.3800 6.6931
25.2000 0.4000 7.0450
25.2000 0.4200 7.3961
25.2000 0.4400 7.7465
25.2000 0.4600 8.0962
25.2000 0.4800 8.4453
25.2000 0.5000 8.7939
25.2000 0.5200 9.1420
25.2000 0.5400 9.4896
25.2000 0.5600 9.8367
25.2000 0.5800 10.1833
25.4000 0.1600 2.7468
25.4000 0.1800 3.1133
25.4000 0.2000 3.4771
25.4000 0.2200 3.8386
25.4000 0.2400 4.1980
25.4000 0.2600 4.5556
25.4000 0.2800 4.9118
25.4000 0.3000 5.2667
25.4000 0.3200 5.6204
25.4000 0.3400 5.9730
25.4000 0.3600 6.3246
25.4000 0.3800 6.6754
25.4000 0.4000 7.0253
25.4000 0.4200 7.3744
25.4000 0.4400 7.7228
25.4000 0.4600 8.0706
25.4000 0.4800 8.4178
25.4000 0.5000 8.7644
25.4000 0.5200 9.1105
25.4000 0.5400 9.4561
25.4000 0.5600 9.8012
25.4000 0.5800 10.1459
25.6000 0.1600 2.7500
25.6000 0.1800 3.1147
25.6000 0.2000 3.4767
25.6000 0.2200 3.8363
25.6000 0.2400 4.1938
25.6000 0.2600 4.5495
25.6000 0.2800 4.9037
25.6000 0.3000 5.2567
25.6000 0.3200 5.6084
25.6000 0.3400 5.9591
25.6000 0.3600 6.3088
25.6000 0.3800 6.6576
25.6000 0.4000 7.0056
25.6000 0.4200 7.3528
25.6000 0.4400 7.6992
25.6000 0.4600 8.0450
25.6000 0.4800 8.3903
25.6000 0.5000 8.7349
25.6000 0.5200 9.0790
25.6000 0.5400 9.4226
25.6000 0.5600 9.7658
25.6000 0.5800 10.1084
25.8000 0.1600 2.7532
25.8000 0.1800 3.1161
25.8000 0.2000 3.4762
25.8000 0.2200 3.8339
25.8000 0.2400 4.1895
25.8000 0.2600 4.5433
25.8000 0.2800 4.8957
25.8000 0.3000 5.2467
25.8000 0.3200 5.5965
25.8000 0.3400 5.9453
25.8000 0.3600 6.2930
25.8000 0.3800 6.6399
25.8000 0.4000 6.9859
25.8000 0.4200 7.3311
25.8000 0.4400 7.6756
25.8000 0.4600 8.0195
25.8000 0.4800 8.3627
25.8000 0.5000 8.7054
25.8000 0.5200 9.0475
25.8000 0.5400 9.3892
25.8000 0.5600 9.7303
25.8000 0.5800 10.0710
26.0000 0.1600 2.7564
26.0000 0.1800 3.1175
26.0000 0.2000 3.4757
26.0000 0.2200 3.8315
26.0000 0.2400 4.1853
26.0000 0.2600 4.5372
26.0000 0.2800 4.8876
26.0000 0.3000 5.2367
26.0000 0.3200 5.5846
26.0000 0.3400 5.9314
26.0000 0.3600 6.2772
26.0000 0.3800 6.6221
26.0000 0.4000 6.9662
26.0000 0.4200 7.3094
26.0000 0.4400 7.6520
26.0000 0.4600 7.9939
26.0000 0.4800 8.3352
26.0000 0.5000 8.6759
26.0000 0.5200 9.0161
26.0000 0.5400 9.3557
26.0000 0.5600 9.6949
26.0000 0.5800 10.0336
26.2000 0.1600 2.7596
26.2000 0.1800 3.1188
26.2000 0.2000 3.4752
26.2000 0.2200 3.8292
26.2000 0.2400 4.1810
26.2000 0.2600 4.5310
26.2000 0.2800 4.8795
26.2000 0.3000 5.2267
26.2000 0.3200 5.5727
26.2000 0.3400 5.9175
26.2000 0.3600 6.2614
26.2000 0.3800 6.6044
26.2000 0.4000 6.9465
26.2000 0.4200 7.2878
26.2000 0.4400 7.6284
26.2000 0.4600 7.9683
26.2000 0.4800 8.3076
26.2000 0.5000 8.6464
26.2000 0.5200 8.9846
26.2000 0.5400 9.3222
26.2000 0.5600 9.6594
26.2000 0.5800 9.9962
26.4000 0.1600 2.7625
26.4000 0.1800 3.1199
26.4000 0.2000 3.4745
26.4000 0.2200 3.8266
26.4000 0.2400 4.1766
26.4000 0.2600 4.5248
26.4000 0.2800 4.8714
26.4000 0.3000 5.2167
26.4000 0.3200 5.5608
26.4000 0.3400 5.9038
26.4000 0.3600 6.2458
26.4000 0.3800 6.5868
26.4000 0.4000 6.9270
26.4000 0.4200 7.2665
26.4000 0.4400 7.6052
26.4000 0.4600 7.9432
26.4000 0.4800 8.2806
26.4000 0.5000 8.6174
26.4000 0.5200 8.9537
26.4000 0.5400 9.2894
26.4000 0.5600 9.6247
26.4000 0.5800 9.9595
26.6000 0.1600 2.7653
26.6000 0.1800 3.1209
26.6000 0.2000 3.4737
26.6000 0.2200 3.8240
26.6000 0.2400 4.1722
26.6000 0.2600 4.5185
26.6000 0.2800 4.8633
26.6000 0.3000 5.2067
26.6000 0.3200 5.5490
26.6000 0.3400 5.8901
26.6000 0.3600 6.2302
26.6000 0.3800 6.5694
26.6000 0.4000 6.9077
26.6000 0.4200 7.2452
26.6000 0.4400 7.5820
26.6000 0.4600 7.9182
26.6000 0.4800 8.2537
26.6000 0.5000 8.5886
26.6000 0.5200 8.9230
26.6000 0.5400 9.2568
26.6000 0.5600 9.5902
26.6000 0.5800 9.9231
26.8000 0.1600 2.7681
26.8000 0.1800 3.1219
26.8000 0.2000 3.4729
26.8000 0.2200 3.8214
26.8000 0.2400 4.1678
26.8000 0.2600 4.5122
26.8000 0.2800 4.8552
26.8000 0.3000 5.1968
26.8000 0.3200 5.5371
26.8000 0.3400 5.8764
26.8000 0.3600 6.2146
26.8000 0.3800 6.5519
26.8000 0.4000 6.8884
26.8000 0.4200 7.2240
26.8000 0.4400 7.5589
26.8000 0.4600 7.8932
26.8000 0.4800 8.2268
26.8000 0.5000 8.5598
26.8000 0.5200 8.8923
26.8000 0.5400 9.2242
26.8000 0.5600 9.5557
26.8000 0.5800 9.8867
27.0000 0.1600 2.7709
27.0000 0.1800 3.1229
27.0000 0.2000 3.4721
27.0000 0.2200 3.8188
27.0000 0.2400 4.1633
27.0000 0.2600 4.5059
27.0000 0.2800 4.8470
27.0000 0.3000 5.1868
27.0000 0.3200 5.5253
27.0000 0.3400 5.8627
27.0000 0.3600 6.1990
27.0000 0.3800 6.5345
27.0000 0.4000 6.8690
27.0000 0.4200 7.2028
27.0000 0.4400 7.5358
27.0000 0.4600 7.8681
27.0000 0.4800 8.1999
27.0000 0.5000 8.5310
27.0000 0.5200 8.8616
27.0000 0.5400 9.1916
27.0000 0.5600 9.5211
27.0000 0.5800 9.8502
27.2000 0.1600 2.7737
27.2000 0.1800 3.1240
27.2000 0.2000 3.4713
27.2000 0.2200 3.8162
27.2000 0.2400 4.1589
27.2000 0.2600 4.4997
27.2000 0.2800 4.8389
27.2000 0.3000 5.1768
27.2000 0.3200 5.5134
27.2000 0.3400 5.8490
27.2000 0.3600 6.1835
27.2000 0.3800 6.5170
27.2000 0.4000 6.8497
27.2000 0.4200 7.1816
27.2000 0.4400 7.5127
27.2000 0.4600 7.8431
27.2000 0.4800 8.1729
27.2000 0.5000 8.5022
27.2000 0.5200 8.8308
27.2000 0.5400 9.1590
27.2000 0.5600 9.4866
27.2000 0.5800 9.8138
27.4000 0.1600 2.7765
27.4000 0.1800 3.1250
27.4000 0.2000 3.4705
27.4000 0.2200 3.8136
27.4000 0.2400 4.1545
27.4000 0.2600 4.4934
27.4000 0.2800 4.8308
27.4000 0.3000 5.1668
27.4000 0.3200 5.5016
27.4000 0.3400 5.8353
27.4000 0.3600 6.1679
27.4000 0.3800 6.4996
27.4000 0.4000 6.8304
27.4000 0.4200 7.1603
27.4000 0.4400 7.4896
27.4000 0.4600 7.8181
27.4000 0.4800 8.1460
27.4000 0.5000 8.4734
27.4000 0.5200 8.8001
27.4000 0.5400 9.1264
27.4000 0.5600 9.4521
27.4000 0.5800 9.7774
27.6000 0.1600 2.7792
27.6000 0.1800 3.1260
27.6000 0.2000 3.4697
27.6000 0.2200 3.8110
27.6000 0.2400 4.1500
27.6000 0.2600 4.4871
27.6000 0.2800 4.8227
27.6000 0.3000 5.1568
27.6000 0.3200 5.4898
27.6000 0.3400 5.8216
27.6000 0.3600 6.1523
27.6000 0.3800 6.4821
27.6000 0.4000 6.8110
27.6000 0.4200 7.1391
27.6000 0.4400 7.4665
27.6000 0.4600 7.7931
27.6000 0.4800 8.1191
27.6000 0.5000 8.4446
27.6000 0.5200 8.7694
27.6000 0.5400 9.0937
27.6000 0.5600 9.4176
27.6000 0.5800 9.7409
27.8000 0.1600 2.7817
27.8000 0.1800 3.1267
27.8000 0.2000 3.4687
27.8000 0.2200 3.8082
27.8000 0.2400 4.1455
27.8000 0.2600 4.4808
27.8000 0.2800 4.8146
27.8000 0.3000 5.1469
27.8000 0.3200 5.4781
27.8000 0.3400 5.8080
27.8000 0.3600 6.1370
27.8000 0.3800 6.4649
27.8000 0.4000 6.7920
27.8000 0.4200 7.1183
27.8000 0.4400 7.4438
27.8000 0.4600 7.7687
27.8000 0.4800 8.0928
27.8000 0.5000 8.4164
27.8000 0.5200 8.7394
27.8000 0.5400 9.0619
27.8000 0.5600 9.3839
27.8000 0.5800 9.7054
28.0000 0.1600 2.7841
28.0000 0.1800 3.1274
28.0000 0.2000 3.4677
28.0000 0.2200 3.8054
28.0000 0.2400 4.1409
28.0000 0.2600 4.4745
28.0000 0.2800 4.8064
28.0000 0.3000 5.1370
28.0000 0.3200 5.4664
28.0000 0.3400 5.7945
28.0000 0.3600 6.1217
28.0000 0.3800 6.4478
28.0000 0.4000 6.7731
28.0000 0.4200 7.0976
28.0000 0.4400 7.4213
28.0000 0.4600 7.7443
28.0000 0.4800 8.0667
28.0000 0.5000 8.3884
28.0000 0.5200 8.7096
28.0000 0.5400 9.0303
28.0000 0.5600 9.3504
28.0000 0.5800 9.6701
28.2000 0.1600 2.7865
28.2000 0.1800 3.1281
28.2000 0.2000 3.4666
28.2000 0.2200 3.8026
28.2000 0.2400 4.1364
28.2000 0.2600 4.4681
28.2000 0.2800 4.7983
28.2000 0.3000 5.1271
28.2000 0.3200 5.4547
28.2000 0.3400 5.7811
28.2000 0.3600 6.1064
28.2000 0.3800 6.4308
28.2000 0.4000 6.7542
28.2000 0.4200 7.0769
28.2000 0.4400 7.3988
28.2000 0.4600 7.7199
28.2000 0.4800 8.0405
28.2000 0.5000 8.3604
28.2000 0.5200 8.6798
28.2000 0.5400 8.9986
28.2000 0.5600 9.3169
28.2000 0.5800 9.6347
28.4000 0.1600 2.7889
28.4000 0.1800 3.1287
28.4000 0.2000 3.4656
28.4000 0.2200 3.7998
28.4000 0.2400 4.1318
28.4000 0.2600 4.4618
28.4000 0.2800 4.7902
28.4000 0.3000 5.1172
28.4000 0.3200 5.4430
28.4000 0.3400 5.7676
28.4000 0.3600 6.0911
28.4000 0.3800 6.4137
28.4000 0.4000 6.7353
28.4000 0.4200 7.0562
28.4000 0.4400 7.3762
28.4000 0.4600 7.6956
28.4000 0.4800 8.0143
28.4000 0.5000 8.3324
28.4000 0.5200 8.6499
28.4000 0.5400 8.9669
28.4000 0.5600 9.2834
28.4000 0.5800 9.5994
28.6000 0.1600 2.7913
28.6000 0.1800 3.1294
28.6000 0.2000 3.4645
28.6000 0.2200 3.7970
28.6000 0.2400 4.1272
28.6000 0.2600 4.4555
28.6000 0.2800 4.7821
28.6000 0.3000 5.1073
28.6000 0.3200 5.4313
28.6000 0.3400 5.7541
28.6000 0.3600 6.0758
28.6000 0.3800 6.3966
28.6000 0.4000 6.7164
28.6000 0.4200 7.0354
28.6000 0.4400 7.3537
28.6000 0.4600 7.6712
28.6000 0.4800 7.9881
28.6000 0.5000 8.3044
28.6000 0.5200 8.6201
28.6000 0.5400 8.9353
28.6000 0.5600 9.2499
28.6000 0.5800 9.5641
28.8000 0.1600 2.7937
28.8000 0.1800 3.1301
28.8000 0.2000 3.4634
28.8000 0.2200 3.7942
28.8000 0.2400 4.1227
28.8000 0.2600 4.4491
28.8000 0.2800 4.7740
28.8000 0.3000 5.0974
28.8000 0.3200 5.4196
28.8000 0.3400 5.7406
28.8000 0.3600 6.0605
28.8000 0.3800 6.3795
28.8000 0.4000 6.6975
28.8000 0.4200 7.0147
28.8000 0.4400 7.3312
28.8000 0.4600 7.6469
28.8000 0.4800 7.9619
28.8000 0.5000 8.2764
28.8000 0.5200 8.5903
28.8000 0.5400 8.9036
28.8000 0.5600 9.2164
28.8000 0.5800 9.5287
29.0000 0.1600 2.7961
29.0000 0.1800 3.1308
29.0000 0.2000 3.4624
29.0000 0.2200 3.7914
29.0000 0.2400 4.1181
29.0000 0.2600 4.4428
29.0000 0.2800 4.7659
29.0000 0.3000 5.0875
29.0000 0.3200 5.4079
29.0000 0.3400 5.7271
29.0000 0.3600 6.0452
29.0000 0.3800 6.3624
29.0000 0.4000 6.6786
29.0000 0.4200 6.9940
29.0000 0.4400 7.3086
29.0000 0.4600 7.6225
29.0000 0.4800 7.9358
29.0000 0.5000 8.2484
29.0000 0.5200 8.5604
29.0000 0.5400 8.8719
29.0000 0.5600 9.1829
29.0000 0.5800 9.4934
29.2000 0.1600 2.7981
29.2000 0.1800 3.1312
29.2000 0.2000 3.4611
29.2000 0.2200 3.7885
29.2000 0.2400 4.1135
29.2000 0.2600 4.4364
29.2000 0.2800 4.7578
29.2000 0.3000 5.0777
29.2000 0.3200 5.3964
29.2000 0.3400 5.7139
29.2000 0.3600 6.0302
29.2000 0.3800 6.3456
29.2000 0.4000 6.6601
29.2000 0.4200 6.9738
29.2000 0.4400 7.2867
29.2000 0.4600 7.5988
29.2000 0.4800 7.9103
29.2000 0.5000 8.2212
29.2000 0.5200 8.5314
29.2000 0.5400 8.8412
29.2000 0.5600 9.1504
29.2000 0.5800 9.4591
29.4000 0.1600 2.8002
29.4000 0.1800 3.1315
29.4000 0.2000 3.4598
29.4000 0.2200 3.7855
29.4000 0.2400 4.1088
29.4000 0.2600 4.4301
29.4000 0.2800 4.7497
29.4000 0.3000 5.0680
29.4000 0.3200 5.3849
29.4000 0.3400 5.7006
29.4000 0.3600 6.0153
29.4000 0.3800 6.3290
29.4000 0.4000 6.6417
29.4000 0.4200 6.9536
29.4000 0.4400 7.2648
29.4000 0.4600 7.5752
29.4000 0.4800 7.8849
29.4000 0.5000 8.1940
29.4000 0.5200 8.5025
29.4000 0.5400 8.8105
29.4000 0.5600 9.1180
29.4000 0.5800 9.4250
29.6000 0.1600 2.8022
29.6000 0.1800 3.1319
29.6000 0.2000 3.4586
29.6000 0.2200 3.7825
29.6000 0.2400 4.1042
29.6000 0.2600 4.4237
29.6000 0.2800 4.7417
29.6000 0.3000 5.0582
29.6000 0.3200 5.3734
29.6000 0.3400 5.6874
29.6000 0.3600 6.0004
29.6000 0.3800 6.3123
29.6000 0.4000 6.6233
29.6000 0.4200 6.9335
29.6000 0.4400 7.2429
29.6000 0.4600 7.5515
29.6000 0.4800 7.8595
29.6000 0.5000 8.1669
29.6000 0.5200 8.4737
29.6000 0.5400 8.7799
29.6000 0.5600 9.0856
29.6000 0.5800 9.3908
29.8000 0.1600 2.8042
29.8000 0.1800 3.1323
29.8000 0.2000 3.4573
29.8000 0.2200 3.7796
29.8000 0.2400 4.0995
29.8000 0.2600 4.4174
29.8000 0.2800 4.7336
29.8000 0.3000 5.0484
29.8000 0.3200 5.3619
29.8000 0.3400 5.6742
29.8000 0.3600 5.9854
29.8000 0.3800 6.2956
29.8000 0.4000 6.6049
29.8000 0.4200 6.9133
29.8000 0.4400 7.2210
29.8000 0.4600 7.5279
29.8000 0.4800 7.8341
29.8000 0.5000 8.1397
29.8000 0.5200 8.4448
29.8000 0.5400 8.7492
29.8000 0.5600 9.0532
29.8000 0.5800 9.3566
30.0000 0.1600 2.8062
30.0000 0.1800 3.1327
30.0000 0.2000 3.4560
30.0000 0.2200 3.7766
30.0000 0.2400 4.0949
30.0000 0.2600 4.4110
30.0000 0.2800 4.7256
30.0000 0.3000 5.0386
30.0000 0.3200 5.3504
30.0000 0.3400 5.6610
30.0000 0.3600 5.9705
30.0000 0.3800 6.2789
30.0000 0.4000 6.5865
30.0000 0.4200 6.8932
30.0000 0.4400 7.1991
30.0000 0.4600 7.5042
30.0000 0.4800 7.8087
30.0000 0.5000 8.1126
30.0000 0.5200 8.4159
30.0000 0.5400 8.7186
30.0000 0.5600 9.0208
30.0000 0.5800 9.3225
30.2000 0.1600 2.8083
30.2000 0.1800 3.1331
30.2000 0.2000 3.4547
30.2000 0.2200 3.7737
30.2000 0.2400 4.0902
30.2000 0.2600 4.4047
30.2000 0.2800 4.7175
30.2000 0.3000 5.0289
30.2000 0.3200 5.3389
30.2000 0.3400 5.6478
30.2000 0.3600 5.9555
30.2000 0.3800 6.2623
30.2000 0.4000 6.5681
30.2000 0.4200 6.8730
30.2000 0.4400 7.1772
30.2000 0.4600 7.4806
30.2000 0.4800 7.7833
30.2000 0.5000 8.0855
30.2000 0.5200 8.3870
30.2000 0.5400 8.6879
30.2000 0.5600 8.9884
30.2000 0.5800 9.2883
30.4000 0.1600 2.8103
30.4000 0.1800 3.1334
30.4000 0.2000 3.4534
30.4000 0.2200 3.7707
30.4000 0.2400 4.0855
30.4000 0.2600 4.3983
30.4000 0.2800 4.7094
30.4000 0.3000 5.0191
30.4000 0.3200 5.3274
30.4000 0.3400 5.6345
30.4000 0.3600 5.9406
30.4000 0.3800 6.2456
30.4000 0.4000 6.5496
30.4000 0.4200 6.8529
30.4000 0.4400 7.1553
30.4000 0.4600 7.4570
30.4000 0.4800 7.7580
30.4000 0.5000 8.0583
30.4000 0.5200 8.3581
30.4000 0.5400 8.6573
30.4000 0.5600 8.9560
30.4000 0.5800 9.2541
30.6000 0.1600 2.8120
30.6000 0.1800 3.1336
30.6000 0.2000 3.4519
30.6000 0.2200 3.7676
30.6000 0.2400 4.0808
30.6000 0.2600 4.3920
30.6000 0.2800 4.7015
30.6000 0.3000 5.0095
30.6000 0.3200 5.3162
30.6000 0.3400 5.6216
30.6000 0.3600 5.9260
30.6000 0.3800 6.2293
30.6000 0.4000 6.5317
30.6000 0.4200 6.8333
30.6000 0.4400 7.1340
30.6000 0.4600 7.4340
30.6000 0.4800 7.7334
30.6000 0.5000 8.0320
30.6000 0.5200 8.3301
30.6000 0.5400 8.6277
30.6000 0.5600 8.9247
30.6000 0.5800 9.2211
30.8000 0.1600 2.8137
30.8000 0.1800 3.1337
30.8000 0.2000 3.4505
30.8000 0.2200 3.7645
30.8000 0.2400 4.0761
30.8000 0.2600 4.3856
30.8000 0.2800 4.6935
30.8000 0.3000 4.9999
30.8000 0.3200 5.3049
30.8000 0.3400 5.6087
30.8000 0.3600 5.9114
30.8000 0.3800 6.2131
30.8000 0.4000 6.5139
30.8000 0.4200 6.8138
30.8000 0.4400 7.1128
30.8000 0.4600 7.4112
30.8000 0.4800 7.7088
30.8000 0.5000 8.0058
30.8000 0.5200 8.3022
30.8000 0.5400 8.5981
30.8000 0.5600 8.8934
30.8000 0.5800 9.1882
31.0000 0.1600 2.8154
31.0000 0.1800 3.1338
31.0000 0.2000 3.4490
31.0000 0.2200 3.7614
31.0000 0.2400 4.0714
31.0000 0.2600 4.3793
31.0000 0.2800 4.6855
31.0000 0.3000 4.9902
31.0000 0.3200 5.2936
31.0000 0.3400 5.5958
31.0000 0.3600 5.8969
31.0000 0.3800 6.1969
31.0000 0.4000 6.4960
31.0000 0.4200 6.7942
31.0000 0.4400 7.0916
31.0000 0.4600 7.3883
31.0000 0.4800 7.6843
31.0000 0.5000 7.9796
31.0000 0.5200 8.2743
31.0000 0.5400 8.5685
31.0000 0.5600 8.8621
31.0000 0.5800 9.1553
31.2000 0.1600 2.8171
31.2000 0.1800 3.1339
31.2000 0.2000 3.4475
31.2000 0.2200 3.7583
31.2000 0.2400 4.0667
31.2000 0.2600 4.3730
31.2000 0.2800 4.6775
31.2000 0.3000 4.9806
31.2000 0.3200 5.2824
31.2000 0.3400 5.5829
31.2000 0.3600 5.8823
31.2000 0.3800 6.1807
31.2000 0.4000 6.4781
31.2000 0.4200 6.7747
31.2000 0.4400 7.0704
31.2000 0.4600 7.3654
31.2000 0.4800 7.6597
31.2000 0.5000 7.9534
31.2000 0.5200 8.2464
31.2000 0.5400 8.5389
31.2000 0.5600 8.8309
31.2000 0.5800 9.1223
31.4000 0.1600 2.8188
31.4000 0.1800 3.1340
31.4000 0.2000 3.4460
31.4000 0.2200 3.7552
31.4000 0.2400 4.0620
31.4000 0.2600 4.3666
31.4000 0.2800 4.6696
31.4000 0.3000 4.9710
31.4000 0.3200 5.2711
31.4000 0.3400 5.5700
31.4000 0.3600 5.8677
31.4000 0.3800 6.1644
31.4000 0.4000 6.4602
31.4000 0.4200 6.7551
31.4000 0.4400 7.0492
31.4000 0.4600 7.3425
31.4000 0.4800 7.6352
31.4000 0.5000 7.9271
31.4000 0.5200 8.2185
31.4000 0.5400 8.5093
31.4000 0.5600 8.7996
31.4000 0.5800 9.0894
31.6000 0.1600 2.8205
31.6000 0.1800 3.1341
31.6000 0.2000 3.4445
31.6000 0.2200 3.7522
31.6000 0.2400 4.0573
31.6000 0.2600 4.3603
31.6000 0.2800 4.6616
31.6000 0.3000 4.9614
31.6000 0.3200 5.2598
31.6000 0.3400 5.5571
31.6000 0.3600 5.8532
31.6000 0.3800 6.1482
31.6000 0.4000 6.4423
31.6000 0.4200 6.7356
31.6000 0.4400 7.0280
31.6000 0.4600 7.3196
31.6000 0.4800 7.6106
31.6000 0.5000 7.9009
31.6000 0.5200 8.1906
31.6000 0.5400 8.4798
31.6000 0.5600 8.7683
31.6000 0.5800 9.0564
31.8000 0.1600 2.8221
31.8000 0.1800 3.1342
31.8000 0.2000 3.4430
31.8000 0.2200 3.7491
31.8000 0.2400 4.0526
31.8000 0.2600 4.3539
31.8000 0.2800 4.6536
31.8000 0.3000 4.9518
31.8000 0.3200 5.2486
31.8000 0.3400 5.5442
31.8000 0.3600 5.8386
31.8000 0.3800 6.1320
31.8000 0.4000 6.4245
31.8000 0.4200 6.7160
31.8000 0.4400 7.0068
31.8000 0.4600 7.2968
31.8000 0.4800 7.5861
31.8000 0.5000 7.8747
31.8000 0.5200 8.1627
31.8000 0.5400 8.4502
31.8000 0.5600 8.7371
31.8000 0.5800 9.0235
32.0000 0.1600 2.8235
32.0000 0.1800 3.1341
32.0000 0.2000 3.4414
32.0000 0.2200 3.7459
32.0000 0.2400 4.0478
32.0000 0.2600 4.3476
32.0000 0.2800 4.6457
32.0000 0.3000 4.9424
32.0000 0.3200 5.2376
32.0000 0.3400 5.5316
32.0000 0.3600 5.8245
32.0000 0.3800 6.1163
32.0000 0.4000 6.4071
32.0000 0.4200 6.6971
32.0000 0.4400 6.9863
32.0000 0.4600 7.2747
32.0000 0.4800 7.5624
32.0000 0.5000 7.8494
32.0000 0.5200 8.1358
32.0000 0.5400 8.4217
32.0000 0.5600 8.7070
32.0000 0.5800 8.9918
32.2000 0.1600 2.8249
32.2000 0.1800 3.1340
32.2000 0.2000 3.4397
32.2000 0.2200 3.7427
32.2000 0.2400 4.0431
32.2000 0.2600 4.3413
32.2000 0.2800 4.6379
32.2000 0.3000 4.9329
32.2000 0.3200 5.2266
32.2000 0.3400 5.5190
32.2000 0.3600 5.8103
32.2000 0.3800 6.1005
32.2000 0.4000 6.3898
32.2000 0.4200 6.6782
32.2000 0.4400 6.9658
32.2000 0.4600 7.2526
32.2000 0.4800 7.5387
32.2000 0.5000 7.8241
32.2000 0.5200 8.1090
32.2000 0.5400 8.3932
32.2000 0.5600 8.6769
32.2000 0.5800 8.9601
32.4000 0.1600 2.8263
32.4000 0.1800 3.1339
32.4000 0.2000 3.4381
32.4000 0.2200 3.7395
32.4000 0.2400 4.0384
32.4000 0.2600 4.3351
32.4000 0.2800 4.6300
32.4000 0.3000 4.9235
32.4000 0.3200 5.2156
32.4000 0.3400 5.5064
32.4000 0.3600 5.7962
32.4000 0.3800 6.0848
32.4000 0.4000 6.3725
32.4000 0.4200 6.6593
32.4000 0.4400 6.9453
32.4000 0.4600 7.2305
32.4000 0.4800 7.5150
32.4000 0.5000 7.7988
32.4000 0.5200 8.0821
32.4000 0.5400 8.3647
32.4000 0.5600 8.6468
32.4000 0.5800 8.9284
32.6000 0.1600 2.8277
32.6000 0.1800 3.1337
32.6000 0.2000 3.4364
32.6000 0.2200 3.7363
32.6000 0.2400 4.0336
32.6000 0.2600 4.3288
32.6000 0.2800 4.6222
32.6000 0.3000 4.9141
32.6000 0.3200 5.2046
32.6000 0.3400 5.4939
32.6000 0.3600 5.7820
32.6000 0.3800 6.0691
32.6000 0.4000 6.3552
32.6000 0.4200 6.6404
32.6000 0.4400 6.9248
32.6000 0.4600 7.2084
32.6000 0.4800 7.4913
32.6000 0.5000 7.7736
32.6000 0.5200 8.0552
32.6000 0.5400 8.3362
32.6000 0.5600 8.6167
32.6000 0.5800 8.8967
32.8000 0.1600 2.8291
32.8000 0.1800 3.1336
32.8000 0.2000 3.4348
32.8000 0.2200 3.7331
32.8000 0.2400 4.0289
32.8000 0.2600 4.3225
32.8000 0.2800 4.6143
32.8000 0.3000 4.9047
32.8000 0.3200 5.1936
32.8000 0.3400 5.4813
32.8000 0.3600 5.7679
32.8000 0.3800 6.0533
32.8000 0.4000 6.3379
32.8000 0.4200 6.6215
32.8000 0.4400 6.9043
32.8000 0.4600 7.1863
32.8000 0.4800 7.4676
32.8000 0.5000 7.7483
32.8000 0.5200 8.0283
32.8000 0.5400 8.3077
32.8000 0.5600 8.5866
32.8000 0.5800 8.8650
33.0000 0.1600 2.8305
33.0000 0.1800 3.1335
33.0000 0.2000 3.4331
33.0000 0.2200 3.7299
33.0000 0.2400 4.0242
33.0000 0.2600 4.3162
33.0000 0.2800 4.6065
33.0000 0.3000 4.8952
33.0000 0.3200 5.1826
33.0000 0.3400 5.4687
33.0000 0.3600 5.7537
33.0000 0.3800 6.0376
33.0000 0.4000 6.3205
33.0000 0.4200 6.6026
33.0000 0.4400 6.8838
33.0000 0.4600 7.1642
33.0000 0.4800 7.4439
33.0000 0.5000 7.7230
33.0000 0.5200 8.0014
33.0000 0.5400 8.2792
33.0000 0.5600 8.5565
33.0000 0.5800 8.8333
33.2000 0.1600 2.8318
33.2000 0.1800 3.1333
33.2000 0.2000 3.4314
33.2000 0.2200 3.7267
33.2000 0.2400 4.0194
33.2000 0.2600 4.3099
33.2000 0.2800 4.5986
33.2000 0.3000 4.8858
33.2000 0.3200 5.1716
33.2000 0.3400 5.4562
33.2000 0.3600 5.7396
33.2000 0.3800 6.0219
33.2000 0.4000 6.3033
33.2000 0.4200 6.5837
33.2000 0.4400 6.8633
33.2000 0.4600 7.1422
33.2000 0.4800 7.4203
33.2000 0.5000 7.6978
33.2000 0.5200 7.9746
33.2000 0.5400 8.2508
33.2000 0.5600 8.5265
33.2000 0.5800 8.8017
33.4000 0.1600 2.8329
33.4000 0.1800 3.1330
33.4000 0.2000 3.4297
33.4000 0.2200 3.7235
33.4000 0.2400 4.0147
33.4000 0.2600 4.3037
33.4000 0.2800 4.5909
33.4000 0.3000 4.8766
33.4000 0.3200 5.1609
33.4000 0.3400 5.4440
33.4000 0.3600 5.7259
33.4000 0.3800 6.0067
33.4000 0.4000 6.2865
33.4000 0.4200 6.5655
33.4000 0.4400 6.8436
33.4000 0.4600 7.1209
33.4000 0.4800 7.3975
33.4000 0.5000 7.6734
33.4000 0.5200 7.9487
33.4000 0.5400 8.2234
33.4000 0.5600 8.4976
33.4000 0.5800 8.7713
33.6000 0.1600 2.8341
33.6000 0.1800 3.1327
33.6000 0.2000 3.4279
33.6000 0.2200 3.7202
33.6000 0.2400 4.0099
33.6000 0.2600 4.2974
33.6000 0.2800 4.5832
33.6000 0.3000 4.8674
33.6000 0.3200 5.1502
33.6000 0.3400 5.4318
33.6000 0.3600 5.7121
33.6000 0.3800 5.9915
33.6000 0.4000 6.2698
33.6000 0.4200 6.5472
33.6000 0.4400 6.8238
33.6000 0.4600 7.0996
33.6000 0.4800 7.3747
33.6000 0.5000 7.6491
33.6000 0.5200 7.9229
33.6000 0.5400 8.1960
33.6000 0.5600 8.4687
33.6000 0.5800 8.7408
33.8000 0.1600 2.8352
33.8000 0.1800 3.1323
33.8000 0.2000 3.4261
33.8000 0.2200 3.7169
33.8000 0.2400 4.0052
33.8000 0.2600 4.2912
33.8000 0.2800 4.5755
33.8000 0.3000 4.8582
33.8000 0.3200 5.1395
33.8000 0.3400 5.4195
33.8000 0.3600 5.6984
33.8000 0.3800 5.9762
33.8000 0.4000 6.2530
33.8000 0.4200 6.5290
33.8000 0.4400 6.8040
33.8000 0.4600 7.0783
33.8000 0.4800 7.3519
33.8000 0.5000 7.6247
33.8000 0.5200 7.8970
33.8000 0.5400 8.1687
33.8000 0.5600 8.4398
33.8000 0.5800 8.7104
34.0000 0.1600 2.8363
34.0000 0.1800 3.1320
34.0000 0.2000 3.4243
34.0000 0.2200 3.7137
34.0000 0.2400 4.0005
34.0000 0.2600 4.2850
34.0000 0.2800 4.5678
34.0000 0.3000 4.8490
34.0000 0.3200 5.1288
34.0000 0.3400 5.4073
34.0000 0.3600 5.6847
34.0000 0.3800 5.9610
34.0000 0.4000 6.2363
34.0000 0.4200 6.5107
34.0000 0.4400 6.7843
34.0000 0.4600 7.0570
34.0000 0.4800 7.3291
34.0000 0.5000 7.6004
34.0000 0.5200 7.8711
34.0000 0.5400 8.1413
34.0000 0.5600 8.4109
34.0000 0.5800 8.6799
34.2000 0.1600 2.8374
34.2000 0.1800 3.1317
34.2000 0.2000 3.4225
34.2000 0.2200 3.7104
34.2000 0.2400 3.9957
34.2000 0.2600 4.2788
34.2000 0.2800 4.5600
34.2000 0.3000 4.8398
34.2000 0.3200 5.1181
34.2000 0.3400 5.3951
34.2000 0.3600 5.6710
34.2000 0.3800 5.9458
34.2000 0.4000 6.2196
34.2000 0.4200 6.4924
34.2000 0.4400 6.7645
34.2000 0.4600 7.0357
34.2000 0.4800 7.3062
34.2000 0.5000 7.5761
34.2000 0.5200 7.8453
34.2000 0.5400 8.1139
34.2000 0.5600 8.3819
34.2000 0.5800 8.6495
34.4000 0.1600 2.8385
34.4000 0.1800 3.1313
34.4000 0.2000 3.4207
34.4000 0.2200 3.7072
34.4000 0.2400 3.9910
34.4000 0.2600 4.2725
34.4000 0.2800 4.5523
34.4000 0.3000 4.8305
34.4000 0.3200 5.1074
34.4000 0.3400 5.3829
34.4000 0.3600 5.6573
34.4000 0.3800 5.9305
34.4000 0.4000 6.2028
34.4000 0.4200 6.4742
34.4000 0.4400 6.7447
34.4000 0.4600 7.0144
34.4000 0.4800 7.2834
34.4000 0.5000 7.5517
34.4000 0.5200 7.8194
34.4000 0.5400 8.0865
34.4000 0.5600 8.3530
34.4000 0.5800 8.6190
34.6000 0.1600 2.8396
34.6000 0.1800 3.1310
34.6000 0.2000 3.4189
34.6000 0.2200 3.7039
34.6000 0.2400 3.9862
34.6000 0.2600 4.2663
34.6000 0.2800 4.5446
34.6000 0.3000 4.8214
34.6000 0.3200 5.0967
34.6000 0.3400 5.3707
34.6000 0.3600 5.6436
34.6000 0.3800 5.9154
34.6000 0.4000 6.1862
34.6000 0.4200 6.4560
34.6000 0.4400 6.7250
34.6000 0.4600 6.9933
34.6000 0.4800 7.2607
34.6000 0.5000 7.5275
34.6000 0.5200 7.7937
34.6000 0.5400 8.0593
34.6000 0.5600 8.3243
34.6000 0.5800 8.5887
34.8000 0.1600 2.8404
34.8000 0.1800 3.1304
34.8000 0.2000 3.4170
34.8000 0.2200 3.7006
34.8000 0.2400 3.9815
34.8000 0.2600 4.2602
34.8000 0.2800 4.5371
34.8000 0.3000 4.8124
34.8000 0.3200 5.0863
34.8000 0.3400 5.3589
34.8000 0.3600 5.6303
34.8000 0.3800 5.9007
34.8000 0.4000 6.1700
34.8000 0.4200 6.4384
34.8000 0.4400 6.7060
34.8000 0.4600 6.9728
34.8000 0.4800 7.2388
34.8000 0.5000 7.5041
34.8000 0.5200 7.7688
34.8000 0.5400 8.0330
34.8000 0.5600 8.2965
34.8000 0.5800 8.5595
35.0000 0.1600 2.8413
35.0000 0.1800 3.1299
35.0000 0.2000 3.4151
35.0000 0.2200 3.6973
35.0000 0.2400 3.9768
35.0000 0.2600 4.2540
35.0000 0.2800 4.5295
35.0000 0.3000 4.8034
35.0000 0.3200 5.0759
35.0000 0.3400 5.3470
35.0000 0.3600 5.6170
35.0000 0.3800 5.8859
35.0000 0.4000 6.1538
35.0000 0.4200 6.4208
35.0000 0.4400 6.6870
35.0000 0.4600 6.9523
35.0000 0.4800 7.2169
35.0000 0.5000 7.4807
35.0000 0.5200 7.7440
35.0000 0.5400 8.0067
35.0000 0.5600 8.2688
35.0000 0.5800 8.5303
35.2000 0.1600 2.8421
35.2000 0.1800 3.1294
35.2000 0.2000 3.4131
35.2000 0.2200 3.6940
35.2000 0.2400 3.9721
35.2000 0.2600 4.2479
35.2000 0.2800 4.5219
35.2000 0.3000 4.7944
35.2000 0.3200 5.0655
35.2000 0.3400 5.3352
35.2000 0.3600 5.6038
35.2000 0.3800 5.8712
35.2000 0.4000 6.1377
35.2000 0.4200 6.4032
35.2000 0.4400 6.6679
35.2000 0.4600 6.9318
35.2000 0.4800 7.1949
35.2000 0.5000 7.4574
35.2000 0.5200 7.7192
35.2000 0.5400 7.9804
35.2000 0.5600 8.2410
35.2000 0.5800 8.5011
35.4000 0.1600 2.8430
35.4000 0.1800 3.1289
35.4000 0.2000 3.4112
35.4000 0.2200 3.6907
35.4000 0.2400 3.9674
35.4000 0.2600 4.2418
35.4000 0.2800 4.5144
35.4000 0.3000 4.7854
35.4000 0.3200 5.0551
35.4000 0.3400 5.3234
35.4000 0.3600 5.5905
35.4000 0.3800 5.8565
35.4000 0.4000 6.1215
35.4000 0.4200 6.3856
35.4000 0.4400 6.6489
35.4000 0.4600 6.9113
35.4000 0.4800 7.1730
35.4000 0.5000 7.4340
35.4000 0.5200 7.6943
35.4000 0.5400 7.9541
35.4000 0.5600 8.2133
35.4000 0.5800 8.4719
35.6000 0.1600 2.8439
35.6000 0.1800 3.1283
35.6000 0.2000 3.4093
35.6000 0.2200 3.6873
35.6000 0.2400 3.9626
35.6000 0.2600 4.2356
35.6000 0.2800 4.5068
35.6000 0.3000 4.7765
35.6000 0.3200 5.0446
35.6000 0.3400 5.3115
35.6000 0.3600 5.5772
35.6000 0.3800 5.8418
35.6000 0.4000 6.1054
35.6000 0.4200 6.3680
35.6000 0.4400 6.6298
35.6000 0.4600 6.8908
35.6000 0.4800 7.1511
35.6000 0.5000 7.4106
35.6000 0.5200 7.6695
35.6000 0.5400 7.9278
35.6000 0.5600 8.1855
35.6000 0.5800 8.4427
35.8000 0.1600 2.8447
35.8000 0.1800 3.1278
35.8000 0.2000 3.4074
35.8000 0.2200 3.6840
35.8000 0.2400 3.9579
35.8000 0.2600 4.2295
35.8000 0.2800 4.4993
35.8000 0.3000 4.7675
35.8000 0.3200 5.0342
35.8000 0.3400 5.2997
35.8000 0.3600 5.5639
35.8000 0.3800 5.8271
35.8000 0.4000 6.0892
35.8000 0.4200 6.3504
35.8000 0.4400 6.6108
35.8000 0.4600 6.8703
35.8000 0.4800 7.1291
35.8000 0.5000 7.3872
35.8000 0.5200 7.6447
35.8000 0.5400 7.9015
35.8000 0.5600 8.1578
35.8000 0.5800 8.4135
36.0000 0.1600 2.8455
36.0000 0.1800 3.1273
36.0000 0.2000 3.4055
36.0000 0.2200 3.6807
36.0000 0.2400 3.9532
36.0000 0.2600 4.2234
36.0000 0.2800 4.4917
36.0000 0.3000 4.7585
36.0000 0.3200 5.0239
36.0000 0.3400 5.2879
36.0000 0.3600 5.5507
36.0000 0.3800 5.8125
36.0000 0.4000 6.0732
36.0000 0.4200 6.3330
36.0000 0.4400 6.5919
36.0000 0.4600 6.8500
36.0000 0.4800 7.1073
36.0000 0.5000 7.3640
36.0000 0.5200 7.6200
36.0000 0.5400 7.8754
36.0000 0.5600 8.1303
36.0000 0.5800 8.3846
36.2000 0.1600 2.8462
36.2000 0.1800 3.1266
36.2000 0.2000 3.4035
36.2000 0.2200 3.6774
36.2000 0.2400 3.9485
36.2000 0.2600 4.2174
36.2000 0.2800 4.4844
36.2000 0.3000 4.7498
36.2000 0.3200 5.0138
36.2000 0.3400 5.2764
36.2000 0.3600 5.5379
36.2000 0.3800 5.7983
36.2000 0.4000 6.0576
36.2000 0.4200 6.3160
36.2000 0.4400 6.5736
36.2000 0.4600 6.8303
36.2000 0.4800 7.0863
36.2000 0.5000 7.3416
36.2000 0.5200 7.5962
36.2000 0.5400 7.8502
36.2000 0.5600 8.1037
36.2000 0.5800 8.3566
36.4000 0.1600 2.8468
36.4000 0.1800 3.1259
36.4000 0.2000 3.4015
36.4000 0.2200 3.6740
36.4000 0.2400 3.9438
36.4000 0.2600 4.2113
36.4000 0.2800 4.4770
36.4000 0.3000 4.7411
36.4000 0.3200 5.0037
36.4000 0.3400 5.2650
36.4000 0.3600 5.5251
36.4000 0.3800 5.7841
36.4000 0.4000 6.0421
36.4000 0.4200 6.2991
36.4000 0.4400 6.5553
36.4000 0.4600 6.8106
36.4000 0.4800 7.0652
36.4000 0.5000 7.3191
36.4000 0.5200 7.5724
36.4000 0.5400 7.8250
36.4000 0.5600 8.0771
36.4000 0.5800 8.3286
36.6000 0.1600 2.8474
36.6000 0.1800 3.1252
36.6000 0.2000 3.3995
36.6000 0.2200 3.6707
36.6000 0.2400 3.9392
36.6000 0.2600 4.2053
36.6000 0.2800 4.4696
36.6000 0.3000 4.7323
36.6000 0.3200 4.9936
36.6000 0.3400 5.2535
36.6000 0.3600 5.5123
36.6000 0.3800 5.7699
36.6000 0.4000 6.0265
36.6000 0.4200 6.2822
36.6000 0.4400 6.5370
36.6000 0.4600 6.7909
36.6000 0.4800 7.0442
36.6000 0.5000 7.2967
36.6000 0.5200 7.5485
36.6000 0.5400 7.7998
36.6000 0.5600 8.0505
36.6000 0.5800 8.3006
36.8000 0.1600 2.8480
36.8000 0.1800 3.1245
36.8000 0.2000 3.3974
36.8000 0.2200 3.6673
36.8000 0.2400 3.9345
36.8000 0.2600 4.1993
36.8000 0.2800 4.4622
36.8000 0.3000 4.7236
36.8000 0.3200 4.9835
36.8000 0.3400 5.2421
36.8000 0.3600 5.4994
36.8000 0.3800 5.7557
36.8000 0.4000 6.0109
36.8000 0.4200 6.2652
36.8000 0.4400 6.5187
36.8000 0.4600 6.7713
36.8000 0.4800 7.0231
36.8000 0.5000 7.2742
36.8000 0.5200 7.5247
36.8000 0.5400 7.7746
36.8000 0.5600 8.0239
36.8000 0.5800 8.2727
37.0000 0.1600 2.8487
37.0000 0.1800 3.1239
37.0000 0.2000 3.3954
37.0000 0.2200 3.6640
37.0000 0.2400 3.9298
37.0000 0.2600 4.1932
37.0000 0.2800 4.4548
37.0000 0.3000 4.7148
37.0000 0.3200 4.9734
37.0000 0.3400 5.2306
37.0000 0.3600 5.4866
37.0000 0.3800 5.7415
37.0000 0.4000 5.9954
37.0000 0.4200 6.2483
37.0000 0.4400 6.5003
37.0000 0.4600 6.7516
37.0000 0.4800 7.0020
37.0000 0.5000 7.2518
37.0000 0.5200 7.5009
37.0000 0.5400 7.7494
37.0000 0.5600 7.9973
37.0000 0.5800 8.2447
37.2000 0.1600 2.8493
37.2000 0.1800 3.1232
37.2000 0.2000 3.3934
37.2000 0.2200 3.6607
37.2000 0.2400 3.9251
37.2000 0.2600 4.1872
37.2000 0.2800 4.4474
37.2000 0.3000 4.7061
37.2000 0.3200 4.9633
37.2000 0.3400 5.2191
37.2000 0.3600 5.4738
37.2000 0.3800 5.7273
37.2000 0.4000 5.9798
37.2000 0.4200 6.2314
37.2000 0.4400 6.4820
37.2000 0.4600 6.7319
37.2000 0.4800 6.9810
37.2000 0.5000 7.2293
37.2000 0.5200 7.4771
37.2000 0.5400 7.7242
37.2000 0.5600 7.9707
37.2000 0.5800 8.2167
37.4000 0.1600 2.8499
37.4000 0.1800 3.1225
37.4000 0.2000 3.3914
37.4000 0.2200 3.6573
37.4000 0.2400 3.9204
37.4000 0.2600 4.1812
37.4000 0.2800 4.4401
37.4000 0.3000 4.6974
37.4000 0.3200 4.9532
37.4000 0.3400 5.2078
37.4000 0.3600 5.4611
37.4000 0.3800 5.7132
37.4000 0.4000 5.9644
37.4000 0.4200 6.2146
37.4000 0.4400 6.4639
37.4000 0.4600 6.7124
37.4000 0.4800 6.9601
37.4000 0.5000 7.2071
37.4000 0.5200 7.4535
37.4000 0.5400 7.6992
37.4000 0.5600 7.9444
37.4000 0.5800 8.1891
37.6000 0.1600 2.8503
37.6000 0.1800 3.1216
37.6000 0.2000 3.3893
37.6000 0.2200 3.6540
37.6000 0.2400 3.9158
37.6000 0.2600 4.1753
37.6000 0.2800 4.4329
37.6000 0.3000 4.6889
37.6000 0.3200 4.9435
37.6000 0.3400 5.1967
37.6000 0.3600 5.4487
37.6000 0.3800 5.6995
37.6000 0.4000 5.9494
37.6000 0.4200 6.1983
37.6000 0.4400 6.4463
37.6000 0.4600 6.6935
37.6000 0.4800 6.9399
37.6000 0.5000 7.1856
37.6000 0.5200 7.4307
37.6000 0.5400 7.6751
37.6000 0.5600 7.9190
37.6000 0.5800 8.1623
37.8000 0.1600 2.8507
37.8000 0.1800 3.1208
37.8000 0.2000 3.3872
37.8000 0.2200 3.6506
37.8000 0.2400 3.9112
37.8000 0.2600 4.1694
37.8000 0.2800 4.4257
37.8000 0.3000 4.6804
37.8000 0.3200 4.9337
37.8000 0.3400 5.1856
37.8000 0.3600 5.4363
37.8000 0.3800 5.6859
37.8000 0.4000 5.9344
37.8000 0.4200 6.1820
37.8000 0.4400 6.4287
37.8000 0.4600 6.6746
37.8000 0.4800 6.9197
37.8000 0.5000 7.1641
37.8000 0.5200 7.4078
37.8000 0.5400 7.6510
37.8000 0.5600 7.8935
37.8000 0.5800 8.1355
38.0000 0.1600 2.8512
38.0000 0.1800 3.1200
38.0000 0.2000 3.3851
38.0000 0.2200 3.6473
38.0000 0.2400 3.9065
38.0000 0.2600 4.1634
38.0000 0.2800 4.4185
38.0000 0.3000 4.6719
38.0000 0.3200 4.9239
38.0000 0.3400 5.1745
38.0000 0.3600 5.4239
38.0000 0.3800 5.6722
38.0000 0.4000 5.9194
38.0000 0.4200 6.1657
38.0000 0.4400 6.4111
38.0000 0.4600 6.6557
38.0000 0.4800 6.8995
38.0000 0.5000 7.1426
38.0000 0.5200 7.3850
38.0000 0.5400 7.6268
38.0000 0.5600 7.8680
38.0000 0.5800 8.1087
38.2000 0.1600 2.8516
38.2000 0.1800 3.1192
38.2000 0.2000 3.3831
38.2000 0.2200 3.6439
38.2000 0.2400 3.9019
38.2000 0.2600 4.1575
38.2000 0.2800 4.4113
38.2000 0.3000 4.6634
38.2000 0.3200 4.9141
38.2000 0.3400 5.1634
38.2000 0.3600 5.4115
38.2000 0.3800 5.6585
38.2000 0.4000 5.9044
38.2000 0.4200 6.1494
38.2000 0.4400 6.3935
38.2000 0.4600 6.6368
38.2000 0.4800 6.8793
38.2000 0.5000 7.1211
38.2000 0.5200 7.3622
38.2000 0.5400 7.6027
38.2000 0.5600 7.8426
38.2000 0.5800 8.0820
38.4000 0.1600 2.8520
38.4000 0.1800 3.1183
38.4000 0.2000 3.3810
38.4000 0.2200 3.6405
38.4000 0.2400 3.8973
38.4000 0.2600 4.1516
38.4000 0.2800 4.4041
38.4000 0.3000 4.6549
38.4000 0.3200 4.9043
38.4000 0.3400 5.1523
38.4000 0.3600 5.3992
38.4000 0.3800 5.6448
38.4000 0.4000 5.8895
38.4000 0.4200 6.1331
38.4000 0.4400 6.3759
38.4000 0.4600 6.6179
38.4000 0.4800 6.8591
38.4000 0.5000 7.0995
38.4000 0.5200 7.3393
38.4000 0.5400 7.5785
38.4000 0.5600 7.8171
38.4000 0.5800 8.0552
38.6000 0.1600 2.8525
38.6000 0.1800 3.1175
38.6000 0.2000 3.3789
38.6000 0.2200 3.6372
38.6000 0.2400 3.8927
38.6000 0.2600 4.1457
38.6000 0.2800 4.3969
38.6000 0.3000 4.6464
38.6000 0.3200 4.8945
38.6000 0.3400 5.1413
38.6000 0.3600 5.3868
38.6000 0.3800 5.6311
38.6000 0.4000 5.8745
38.6000 0.4200 6.1169
38.6000 0.4400 6.3584
38.6000 0.4600 6.5990
38.6000 0.4800 6.8389
38.6000 0.5000 7.0780
38.6000 0.5200 7.3165
38.6000 0.5400 7.5544
38.6000 0.5600 7.7917
38.6000 0.5800 8.0284
38.8000 0.1600 2.8528
38.8000 0.1800 3.1166
38.8000 0.2000 3.3768
38.8000 0.2200 3.6338
38.8000 0.2400 3.8880
38.8000 0.2600 4.1398
38.8000 0.2800 4.3897
38.8000 0.3000 4.6380
38.8000 0.3200 4.8848
38.8000 0.3400 5.1303
38.8000 0.3600 5.3745
38.8000 0.3800 5.6176
38.8000 0.4000 5.8597
38.8000 0.4200 6.1008
38.8000 0.4400 6.3410
38.8000 0.4600 6.5803
38.8000 0.4800 6.8189
38.8000 0.5000 7.0568
38.8000 0.5200 7.2940
38.8000 0.5400 7.5306
38.8000 0.5600 7.7666
38.8000 0.5800 8.0020
39.0000 0.1600 2.8531
39.0000 0.1800 3.1157
39.0000 0.2000 3.3746
39.0000 0.2200 3.6305
39.0000 0.2400 3.8835
39.0000 0.2600 4.1340
39.0000 0.2800 4.3827
39.0000 0.3000 4.6298
39.0000 0.3200 4.8754
39.0000 0.3400 5.1196
39.0000 0.3600 5.3626
39.0000 0.3800 5.6045
39.0000 0.4000 5.8453
39.0000 0.4200 6.0851
39.0000 0.4400 6.3241
39.0000 0.4600 6.5622
39.0000 0.4800 6.7995
39.0000 0.5000 7.0362
39.0000 0.5200 7.2721
39.0000 0.5400 7.5075
39.0000 0.5600 7.7422
39.0000 0.5800 7.9764
39.2000 0.1600 2.8533
39.2000 0.1800 3.1147
39.2000 0.2000 3.3725
39.2000 0.2200 3.6271
39.2000 0.2400 3.8789
39.2000 0.2600 4.1282
39.2000 0.2800 4.3757
39.2000 0.3000 4.6216
39.2000 0.3200 4.8659
39.2000 0.3400 5.1089
39.2000 0.3600 5.3507
39.2000 0.3800 5.5913
39.2000 0.4000 5.8309
39.2000 0.4200 6.0695
39.2000 0.4400 6.3072
39.2000 0.4600 6.5441
39.2000 0.4800 6.7802
39.2000 0.5000 7.0155
39.2000 0.5200 7.2503
39.2000 0.5400 7.4843
39.2000 0.5600 7.7178
39.2000 0.5800 7.9508
39.4000 0.1600 2.8536
39.4000 0.1800 3.1138
39.4000 0.2000 3.3703
39.4000 0.2200 3.6238
39.4000 0.2400 3.8743
39.4000 0.2600 4.1224
39.4000 0.2800 4.3687
39.4000 0.3000 4.6133
39.4000 0.3200 4.8564
39.4000 0.3400 5.0982
39.4000 0.3600 5.3387
39.4000 0.3800 5.5781
39.4000 0.4000 5.8165
39.4000 0.4200 6.0538
39.4000 0.4400 6.2903
39.4000 0.4600 6.5260
39.4000 0.4800 6.7608
39.4000 0.5000 6.9949
39.4000 0.5200 7.2284
39.4000 0.5400 7.4612
39.4000 0.5600 7.6935
39.4000 0.5800 7.9252
39.6000 0.1600 2.8538
39.6000 0.1800 3.1129
39.6000 0.2000 3.3682
39.6000 0.2200 3.6204
39.6000 0.2400 3.8698
39.6000 0.2600 4.1167
39.6000 0.2800 4.3617
39.6000 0.3000 4.6051
39.6000 0.3200 4.8470
39.6000 0.3400 5.0875
39.6000 0.3600 5.3268
39.6000 0.3800 5.5649
39.6000 0.4000 5.8021
39.6000 0.4200 6.0382
39.6000 0.4400 6.2734
39.6000 0.4600 6.5078
39.6000 0.4800 6.7414
39.6000 0.5000 6.9743
39.6000 0.5200 7.2065
39.6000 0.5400 7.4381
39.6000 0.5600 7.6691
39.6000 0.5800 7.8996
39.8000 0.1600 2.8540
39.8000 0.1800 3.1119
39.8000 0.2000 3.3660
39.8000 0.2200 3.6171
39.8000 0.2400 3.8652
39.8000 0.2600 4.1109
39.8000 0.2800 4.3547
39.8000 0.3000 4.5968
39.8000 0.3200 4.8375
39.8000 0.3400 5.0768
39.8000 0.3600 5.3149
39.8000 0.3800 5.5518
39.8000 0.4000 5.7876
39.8000 0.4200 6.0226
39.8000 0.4400 6.2566
39.8000 0.4600 6.4897
39.8000 0.4800 6.7221
39.8000 0.5000 6.9537
39.8000 0.5200 7.1847
39.8000 0.5400 7.4150
39.8000 0.5600 7.6448
39.8000 0.5800 7.8740
