0.0000 0.1600 0.0269
0.0000 0.1800 0.0298
0.0000 0.2000 0.0334
0.0000 0.2200 0.0376
0.0000 0.2400 0.0422
0.0000 0.2600 0.0474
0.0000 0.2800 0.0529
0.0000 0.3000 0.0589
0.0000 0.3200 0.0652
0.0000 0.3400 0.0719
0.0000 0.3600 0.0791
0.0000 0.3800 0.0866
0.0000 0.4000 0.0944
0.0000 0.4200 0.1027
0.0000 0.4400 0.1113
0.0000 0.4600 0.1203
0.0000 0.4800 0.1297
0.0000 0.5000 0.1394
0.0000 0.5200 0.1495
0.0000 0.5400 0.1600
0.0000 0.5600 0.1708
0.0000 0.5800 0.1820
0.2000 0.1600 0.0269
0.2000 0.1800 0.0298
0.2000 0.2000 0.0334
0.2000 0.2200 0.0376
0.2000 0.2400 0.0422
0.2000 0.2600 0.0474
0.2000 0.2800 0.0529
0.2000 0.3000 0.0589
0.2000 0.3200 0.0652
0.2000 0.3400 0.0719
0.2000 0.3600 0.0791
0.2000 0.3800 0.0866
0.2000 0.4000 0.0944
0.2000 0.4200 0.1027
0.2000 0.4400 0.1113
0.2000 0.4600 0.1203
0.2000 0.4800 0.1297
0.2000 0.5000 0.1394
0.2000 0.5200 0.1495
0.2000 0.5400 0.1600
0.2000 0.5600 0.1708
0.2000 0.5800 0.1820
0.4000 0.1600 0.0269
0.4000 0.1800 0.0297
0.4000 0.2000 0.0334
0.4000 0.2200 0.0375
0.4000 0.2400 0.0422
0.4000 0.2600 0.0473
0.4000 0.2800 0.0529
0.4000 0.3000 0.0588
0.4000 0.3200 0.0652
0.4000 0.3400 0.0719
0.4000 0.3600 0.0790
0.4000 0.3800 0.0865
0.4000 0.4000 0.0944
0.4000 0.4200 0.1027
0.4000 0.4400 0.1113
0.4000 0.4600 0.1203
0.4000 0.4800 0.1296
0.4000 0.5000 0.1394
0.4000 0.5200 0.1495
0.4000 0.5400 0.1599
0.4000 0.5600 0.1708
0.4000 0.5800 0.1820
0.6000 0.1600 0.0268
0.6000 0.1800 0.0297
0.6000 0.2000 0.0333
0.6000 0.2200 0.0375
0.6000 0.2400 0.0422
0.6000 0.2600 0.0473
0.6000 0.2800 0.0529
0.6000 0.3000 0.0588
0.6000 0.3200 0.0652
0.6000 0.3400 0.0719
0.6000 0.3600 0.0790
0.6000 0.3800 0.0865
0.6000 0.4000 0.0944
0.6000 0.4200 0.1026
0.6000 0.4400 0.1113
0.6000 0.4600 0.1202
0.6000 0.4800 0.1296
0.6000 0.5000 0.1393
0.6000 0.5200 0.1494
0.6000 0.5400 0.1599
0.6000 0.5600 0.1708
0.6000 0.5800 0.1820
0.8000 0.1600 0.0268
0.8000 0.1800 0.0296
0.8000 0.2000 0.0333
0.8000 0.2200 0.0375
0.8000 0.2400 0.0421
0.8000 0.2600 0.0473
0.8000 0.2800 0.0528
0.8000 0.3000 0.0588
0.8000 0.3200 0.0651
0.8000 0.3400 0.0718
0.8000 0.3600 0.0790
0.8000 0.3800 0.0865
0.8000 0.4000 0.0943
0.8000 0.4200 0.1026
0.8000 0.4400 0.1112
0.8000 0.4600 0.1202
0.8000 0.4800 0.1296
0.8000 0.5000 0.1393
0.8000 0.5200 0.1494
0.8000 0.5400 0.1599
0.8000 0.5600 0.1707
0.8000 0.5800 0.1819
1.0000 0.1600 0.0267
1.0000 0.1800 0.0296
1.0000 0.2000 0.0332
1.0000 0.2200 0.0374
1.0000 0.2400 0.0421
1.0000 0.2600 0.0472
1.0000 0.2800 0.0528
1.0000 0.3000 0.0587
1.0000 0.3200 0.0651
1.0000 0.3400 0.0718
1.0000 0.3600 0.0789
1.0000 0.3800 0.0864
1.0000 0.4000 0.0943
1.0000 0.4200 0.1025
1.0000 0.4400 0.1112
1.0000 0.4600 0.1202
1.0000 0.4800 0.1295
1.0000 0.5000 0.1393
1.0000 0.5200 0.1494
1.0000 0.5400 0.1598
1.0000 0.5600 0.1707
1.0000 0.5800 0.1819
1.2000 0.1600 0.0266
1.2000 0.1800 0.0295
1.2000 0.2000 0.0331
1.2000 0.2200 0.0373
1.2000 0.2400 0.0420
1.2000 0.2600 0.0471
1.2000 0.2800 0.0527
1.2000 0.3000 0.0587
1.2000 0.3200 0.0650
1.2000 0.3400 0.0717
1.2000 0.3600 0.0789
1.2000 0.3800 0.0864
1.2000 0.4000 0.0942
1.2000 0.4200 0.1025
1.2000 0.4400 0.1111
1.2000 0.4600 0.1201
1.2000 0.4800 0.1295
1.2000 0.5000 0.1392
1.2000 0.5200 0.1493
1.2000 0.5400 0.1598
1.2000 0.5600 0.1706
1.2000 0.5800 0.1818
1.4000 0.1600 0.0265
1.4000 0.1800 0.0294
1.4000 0.2000 0.0331
1.4000 0.2200 0.0373
1.4000 0.2400 0.0419
1.4000 0.2600 0.0471
1.4000 0.2800 0.0526
1.4000 0.3000 0.0586
1.4000 0.3200 0.0649
1.4000 0.3400 0.0717
1.4000 0.3600 0.0788
1.4000 0.3800 0.0863
1.4000 0.4000 0.0942
1.4000 0.4200 0.1024
1.4000 0.4400 0.1110
1.4000 0.4600 0.1200
1.4000 0.4800 0.1294
1.4000 0.5000 0.1392
1.4000 0.5200 0.1493
1.4000 0.5400 0.1597
1.4000 0.5600 0.1706
1.4000 0.5800 0.1818
1.6000 0.1600 0.0264
1.6000 0.1800 0.0293
1.6000 0.2000 0.0330
1.6000 0.2200 0.0372
1.6000 0.2400 0.0419
1.6000 0.2600 0.0470
1.6000 0.2800 0.0526
1.6000 0.3000 0.0585
1.6000 0.3200 0.0649
1.6000 0.3400 0.0716
1.6000 0.3600 0.0787
1.6000 0.3800 0.0862
1.6000 0.4000 0.0941
1.6000 0.4200 0.1024
1.6000 0.4400 0.1110
1.6000 0.4600 0.1200
1.6000 0.4800 0.1294
1.6000 0.5000 0.1391
1.6000 0.5200 0.1492
1.6000 0.5400 0.1597
1.6000 0.5600 0.1705
1.6000 0.5800 0.1817
1.8000 0.1600 0.0263
1.8000 0.1800 0.0292
1.8000 0.2000 0.0329
1.8000 0.2200 0.0371
1.8000 0.2400 0.0418
1.8000 0.2600 0.0469
1.8000 0.2800 0.0525
1.8000 0.3000 0.0584
1.8000 0.3200 0.0648
1.8000 0.3400 0.0715
1.8000 0.3600 0.0787
1.8000 0.3800 0.0862
1.8000 0.4000 0.0940
1.8000 0.4200 0.1023
1.8000 0.4400 0.1109
1.8000 0.4600 0.1199
1.8000 0.4800 0.1293
1.8000 0.5000 0.1390
1.8000 0.5200 0.1491
1.8000 0.5400 0.1596
1.8000 0.5600 0.1705
1.8000 0.5800 0.1817
2.0000 0.1600 0.0262
2.0000 0.1800 0.0291
2.0000 0.2000 0.0328
2.0000 0.2200 0.0370
2.0000 0.2400 0.0417
2.0000 0.2600 0.0469
2.0000 0.2800 0.0524
2.0000 0.3000 0.0584
2.0000 0.3200 0.0647
2.0000 0.3400 0.0715
2.0000 0.3600 0.0786
2.0000 0.3800 0.0861
2.0000 0.4000 0.0940
2.0000 0.4200 0.1022
2.0000 0.4400 0.1109
2.0000 0.4600 0.1199
2.0000 0.4800 0.1292
2.0000 0.5000 0.1390
2.0000 0.5200 0.1491
2.0000 0.5400 0.1596
2.0000 0.5600 0.1704
2.0000 0.5800 0.1816
2.2000 0.1600 0.0261
2.2000 0.1800 0.0290
2.2000 0.2000 0.0327
2.2000 0.2200 0.0369
2.2000 0.2400 0.0416
2.2000 0.2600 0.0468
2.2000 0.2800 0.0523
2.2000 0.3000 0.0583
2.2000 0.3200 0.0647
2.2000 0.3400 0.0714
2.2000 0.3600 0.0785
2.2000 0.3800 0.0860
2.2000 0.4000 0.0939
2.2000 0.4200 0.1022
2.2000 0.4400 0.1108
2.2000 0.4600 0.1198
2.2000 0.4800 0.1292
2.2000 0.5000 0.1389
2.2000 0.5200 0.1490
2.2000 0.5400 0.1595
2.2000 0.5600 0.1703
2.2000 0.5800 0.1816
2.4000 0.1600 0.0260
2.4000 0.1800 0.0290
2.4000 0.2000 0.0326
2.4000 0.2200 0.0369
2.4000 0.2400 0.0416
2.4000 0.2600 0.0467
2.4000 0.2800 0.0523
2.4000 0.3000 0.0582
2.4000 0.3200 0.0646
2.4000 0.3400 0.0713
2.4000 0.3600 0.0784
2.4000 0.3800 0.0860
2.4000 0.4000 0.0938
2.4000 0.4200 0.1021
2.4000 0.4400 0.1107
2.4000 0.4600 0.1197
2.4000 0.4800 0.1291
2.4000 0.5000 0.1388
2.4000 0.5200 0.1490
2.4000 0.5400 0.1594
2.4000 0.5600 0.1703
2.4000 0.5800 0.1815
2.6000 0.1600 0.0259
2.6000 0.1800 0.0289
2.6000 0.2000 0.0326
2.6000 0.2200 0.0368
2.6000 0.2400 0.0415
2.6000 0.2600 0.0467
2.6000 0.2800 0.0522
2.6000 0.3000 0.0582
2.6000 0.3200 0.0645
2.6000 0.3400 0.0713
2.6000 0.3600 0.0784
2.6000 0.3800 0.0859
2.6000 0.4000 0.0938
2.6000 0.4200 0.1021
2.6000 0.4400 0.1107
2.6000 0.4600 0.1197
2.6000 0.4800 0.1291
2.6000 0.5000 0.1388
2.6000 0.5200 0.1490
2.6000 0.5400 0.1595
2.6000 0.5600 0.1703
2.6000 0.5800 0.1816
2.8000 0.1600 0.0258
2.8000 0.1800 0.0288
2.8000 0.2000 0.0325
2.8000 0.2200 0.0367
2.8000 0.2400 0.0415
2.8000 0.2600 0.0466
2.8000 0.2800 0.0522
2.8000 0.3000 0.0581
2.8000 0.3200 0.0645
2.8000 0.3400 0.0713
2.8000 0.3600 0.0784
2.8000 0.3800 0.0859
2.8000 0.4000 0.0938
2.8000 0.4200 0.1021
2.8000 0.4400 0.1107
2.8000 0.4600 0.1197
2.8000 0.4800 0.1291
2.8000 0.5000 0.1388
2.8000 0.5200 0.1490
2.8000 0.5400 0.1595
2.8000 0.5600 0.1703
2.8000 0.5800 0.1816
3.0000 0.1600 0.0257
3.0000 0.1800 0.0287
3.0000 0.2000 0.0324
3.0000 0.2200 0.0367
3.0000 0.2400 0.0414
3.0000 0.2600 0.0466
3.0000 0.2800 0.0521
3.0000 0.3000 0.0581
3.0000 0.3200 0.0645
3.0000 0.3400 0.0712
3.0000 0.3600 0.0784
3.0000 0.3800 0.0859
3.0000 0.4000 0.0938
3.0000 0.4200 0.1020
3.0000 0.4400 0.1107
3.0000 0.4600 0.1197
3.0000 0.4800 0.1291
3.0000 0.5000 0.1389
3.0000 0.5200 0.1490
3.0000 0.5400 0.1595
3.0000 0.5600 0.1704
3.0000 0.5800 0.1816
3.2000 0.1600 0.0256
3.2000 0.1800 0.0286
3.2000 0.2000 0.0324
3.2000 0.2200 0.0366
3.2000 0.2400 0.0413
3.2000 0.2600 0.0465
3.2000 0.2800 0.0521
3.2000 0.3000 0.0581
3.2000 0.3200 0.0644
3.2000 0.3400 0.0712
3.2000 0.3600 0.0783
3.2000 0.3800 0.0858
3.2000 0.4000 0.0937
3.2000 0.4200 0.1020
3.2000 0.4400 0.1107
3.2000 0.4600 0.1197
3.2000 0.4800 0.1291
3.2000 0.5000 0.1389
3.2000 0.5200 0.1490
3.2000 0.5400 0.1595
3.2000 0.5600 0.1704
3.2000 0.5800 0.1817
3.4000 0.1600 0.0255
3.4000 0.1800 0.0286
3.4000 0.2000 0.0323
3.4000 0.2200 0.0366
3.4000 0.2400 0.0413
3.4000 0.2600 0.0465
3.4000 0.2800 0.0520
3.4000 0.3000 0.0580
3.4000 0.3200 0.0644
3.4000 0.3400 0.0711
3.4000 0.3600 0.0783
3.4000 0.3800 0.0858
3.4000 0.4000 0.0937
3.4000 0.4200 0.1020
3.4000 0.4400 0.1107
3.4000 0.4600 0.1197
3.4000 0.4800 0.1291
3.4000 0.5000 0.1389
3.4000 0.5200 0.1490
3.4000 0.5400 0.1595
3.4000 0.5600 0.1704
3.4000 0.5800 0.1817
3.6000 0.1600 0.0254
3.6000 0.1800 0.0285
3.6000 0.2000 0.0322
3.6000 0.2200 0.0365
3.6000 0.2400 0.0412
3.6000 0.2600 0.0464
3.6000 0.2800 0.0520
3.6000 0.3000 0.0580
3.6000 0.3200 0.0643
3.6000 0.3400 0.0711
3.6000 0.3600 0.0783
3.6000 0.3800 0.0858
3.6000 0.4000 0.0937
3.6000 0.4200 0.1020
3.6000 0.4400 0.1106
3.6000 0.4600 0.1197
3.6000 0.4800 0.1291
3.6000 0.5000 0.1389
3.6000 0.5200 0.1490
3.6000 0.5400 0.1596
3.6000 0.5600 0.1704
3.6000 0.5800 0.1817
3.8000 0.1600 0.0253
3.8000 0.1800 0.0284
3.8000 0.2000 0.0322
3.8000 0.2200 0.0364
3.8000 0.2400 0.0412
3.8000 0.2600 0.0463
3.8000 0.2800 0.0519
3.8000 0.3000 0.0579
3.8000 0.3200 0.0643
3.8000 0.3400 0.0711
3.8000 0.3600 0.0782
3.8000 0.3800 0.0858
3.8000 0.4000 0.0937
3.8000 0.4200 0.1020
3.8000 0.4400 0.1106
3.8000 0.4600 0.1197
3.8000 0.4800 0.1291
3.8000 0.5000 0.1389
3.8000 0.5200 0.1490
3.8000 0.5400 0.1596
3.8000 0.5600 0.1705
3.8000 0.5800 0.1818
4.0000 0.1600 0.0252
4.0000 0.1800 0.0283
4.0000 0.2000 0.0321
4.0000 0.2200 0.0364
4.0000 0.2400 0.0411
4.0000 0.2600 0.0463
4.0000 0.2800 0.0519
4.0000 0.3000 0.0579
4.0000 0.3200 0.0643
4.0000 0.3400 0.0711
4.0000 0.3600 0.0782
4.0000 0.3800 0.0858
4.0000 0.4000 0.0937
4.0000 0.4200 0.1020
4.0000 0.4400 0.1106
4.0000 0.4600 0.1197
4.0000 0.4800 0.1291
4.0000 0.5000 0.1389
4.0000 0.5200 0.1491
4.0000 0.5400 0.1596
4.0000 0.5600 0.1705
4.0000 0.5800 0.1818
4.2000 0.1600 0.0251
4.2000 0.1800 0.0282
4.2000 0.2000 0.0320
4.2000 0.2200 0.0363
4.2000 0.2400 0.0411
4.2000 0.2600 0.0463
4.2000 0.2800 0.0519
4.2000 0.3000 0.0579
4.2000 0.3200 0.0643
4.2000 0.3400 0.0710
4.2000 0.3600 0.0782
4.2000 0.3800 0.0858
4.2000 0.4000 0.0937
4.2000 0.4200 0.1020
4.2000 0.4400 0.1107
4.2000 0.4600 0.1197
4.2000 0.4800 0.1292
4.2000 0.5000 0.1390
4.2000 0.5200 0.1492
4.2000 0.5400 0.1597
4.2000 0.5600 0.1706
4.2000 0.5800 0.1820
4.4000 0.1600 0.0250
4.4000 0.1800 0.0282
4.4000 0.2000 0.0320
4.4000 0.2200 0.0363
4.4000 0.2400 0.0410
4.4000 0.2600 0.0462
4.4000 0.2800 0.0518
4.4000 0.3000 0.0578
4.4000 0.3200 0.0642
4.4000 0.3400 0.0710
4.4000 0.3600 0.0782
4.4000 0.3800 0.0858
4.4000 0.4000 0.0937
4.4000 0.4200 0.1020
4.4000 0.4400 0.1107
4.4000 0.4600 0.1198
4.4000 0.4800 0.1292
4.4000 0.5000 0.1390
4.4000 0.5200 0.1492
4.4000 0.5400 0.1598
4.4000 0.5600 0.1707
4.4000 0.5800 0.1821
4.6000 0.1600 0.0249
4.6000 0.1800 0.0281
4.6000 0.2000 0.0319
4.6000 0.2200 0.0362
4.6000 0.2400 0.0410
4.6000 0.2600 0.0462
4.6000 0.2800 0.0518
4.6000 0.3000 0.0578
4.6000 0.3200 0.0642
4.6000 0.3400 0.0710
4.6000 0.3600 0.0782
4.6000 0.3800 0.0858
4.6000 0.4000 0.0937
4.6000 0.4200 0.1020
4.6000 0.4400 0.1107
4.6000 0.4600 0.1198
4.6000 0.4800 0.1293
4.6000 0.5000 0.1391
4.6000 0.5200 0.1493
4.6000 0.5400 0.1599
4.6000 0.5600 0.1708
4.6000 0.5800 0.1822
4.8000 0.1600 0.0248
4.8000 0.1800 0.0280
4.8000 0.2000 0.0318
4.8000 0.2200 0.0361
4.8000 0.2400 0.0409
4.8000 0.2600 0.0461
4.8000 0.2800 0.0518
4.8000 0.3000 0.0578
4.8000 0.3200 0.0642
4.8000 0.3400 0.0710
4.8000 0.3600 0.0782
4.8000 0.3800 0.0858
4.8000 0.4000 0.0937
4.8000 0.4200 0.1021
4.8000 0.4400 0.1108
4.8000 0.4600 0.1199
4.8000 0.4800 0.1293
4.8000 0.5000 0.1392
4.8000 0.5200 0.1494
4.8000 0.5400 0.1600
4.8000 0.5600 0.1709
4.8000 0.5800 0.1823
5.0000 0.1600 0.0247
5.0000 0.1800 0.0279
5.0000 0.2000 0.0318
5.0000 0.2200 0.0361
5.0000 0.2400 0.0409
5.0000 0.2600 0.0461
5.0000 0.2800 0.0517
5.0000 0.3000 0.0578
5.0000 0.3200 0.0642
5.0000 0.3400 0.0710
5.0000 0.3600 0.0782
5.0000 0.3800 0.0858
5.0000 0.4000 0.0937
5.0000 0.4200 0.1021
5.0000 0.4400 0.1108
5.0000 0.4600 0.1199
5.0000 0.4800 0.1294
5.0000 0.5000 0.1392
5.0000 0.5200 0.1495
5.0000 0.5400 0.1601
5.0000 0.5600 0.1711
5.0000 0.5800 0.1824
5.2000 0.1600 0.0246
5.2000 0.1800 0.0279
5.2000 0.2000 0.0317
5.2000 0.2200 0.0360
5.2000 0.2400 0.0408
5.2000 0.2600 0.0461
5.2000 0.2800 0.0517
5.2000 0.3000 0.0577
5.2000 0.3200 0.0642
5.2000 0.3400 0.0710
5.2000 0.3600 0.0782
5.2000 0.3800 0.0858
5.2000 0.4000 0.0938
5.2000 0.4200 0.1021
5.2000 0.4400 0.1108
5.2000 0.4600 0.1199
5.2000 0.4800 0.1294
5.2000 0.5000 0.1393
5.2000 0.5200 0.1495
5.2000 0.5400 0.1602
5.2000 0.5600 0.1712
5.2000 0.5800 0.1825
5.4000 0.1600 0.0246
5.4000 0.1800 0.0278
5.4000 0.2000 0.0316
5.4000 0.2200 0.0360
5.4000 0.2400 0.0408
5.4000 0.2600 0.0460
5.4000 0.2800 0.0517
5.4000 0.3000 0.0577
5.4000 0.3200 0.0641
5.4000 0.3400 0.0710
5.4000 0.3600 0.0782
5.4000 0.3800 0.0858
5.4000 0.4000 0.0938
5.4000 0.4200 0.1021
5.4000 0.4400 0.1109
5.4000 0.4600 0.1200
5.4000 0.4800 0.1295
5.4000 0.5000 0.1394
5.4000 0.5200 0.1496
5.4000 0.5400 0.1603
5.4000 0.5600 0.1713
5.4000 0.5800 0.1827
5.6000 0.1600 0.0245
5.6000 0.1800 0.0277
5.6000 0.2000 0.0316
5.6000 0.2200 0.0359
5.6000 0.2400 0.0407
5.6000 0.2600 0.0460
5.6000 0.2800 0.0516
5.6000 0.3000 0.0577
5.6000 0.3200 0.0641
5.6000 0.3400 0.0710
5.6000 0.3600 0.0782
5.6000 0.3800 0.0858
5.6000 0.4000 0.0938
5.6000 0.4200 0.1022
5.6000 0.4400 0.1110
5.6000 0.4600 0.1201
5.6000 0.4800 0.1296
5.6000 0.5000 0.1395
5.6000 0.5200 0.1498
5.6000 0.5400 0.1604
5.6000 0.5600 0.1715
5.6000 0.5800 0.1829
5.8000 0.1600 0.0244
5.8000 0.1800 0.0276
5.8000 0.2000 0.0315
5.8000 0.2200 0.0359
5.8000 0.2400 0.0407
5.8000 0.2600 0.0460
5.8000 0.2800 0.0516
5.8000 0.3000 0.0577
5.8000 0.3200 0.0641
5.8000 0.3400 0.0710
5.8000 0.3600 0.0782
5.8000 0.3800 0.0859
5.8000 0.4000 0.0939
5.8000 0.4200 0.1023
5.8000 0.4400 0.1110
5.8000 0.4600 0.1202
5.8000 0.4800 0.1297
5.8000 0.5000 0.1396
5.8000 0.5200 0.1499
5.8000 0.5400 0.1606
5.8000 0.5600 0.1716
5.8000 0.5800 0.1830
6.0000 0.1600 0.0243
6.0000 0.1800 0.0276
6.0000 0.2000 0.0314
6.0000 0.2200 0.0358
6.0000 0.2400 0.0407
6.0000 0.2600 0.0459
6.0000 0.2800 0.0516
6.0000 0.3000 0.0577
6.0000 0.3200 0.0641
6.0000 0.3400 0.0710
6.0000 0.3600 0.0783
6.0000 0.3800 0.0859
6.0000 0.4000 0.0939
6.0000 0.4200 0.1023
6.0000 0.4400 0.1111
6.0000 0.4600 0.1203
6.0000 0.4800 0.1298
6.0000 0.5000 0.1397
6.0000 0.5200 0.1500
6.0000 0.5400 0.1607
6.0000 0.5600 0.1718
6.0000 0.5800 0.1832
6.2000 0.1600 0.0242
6.2000 0.1800 0.0275
6.2000 0.2000 0.0314
6.2000 0.2200 0.0358
6.2000 0.2400 0.0406
6.2000 0.2600 0.0459
6.2000 0.2800 0.0516
6.2000 0.3000 0.0577
6.2000 0.3200 0.0641
6.2000 0.3400 0.0710
6.2000 0.3600 0.0783
6.2000 0.3800 0.0859
6.2000 0.4000 0.0940
6.2000 0.4200 0.1024
6.2000 0.4400 0.1112
6.2000 0.4600 0.1204
6.2000 0.4800 0.1299
6.2000 0.5000 0.1399
6.2000 0.5200 0.1502
6.2000 0.5400 0.1609
6.2000 0.5600 0.1720
6.2000 0.5800 0.1834
6.4000 0.1600 0.0241
6.4000 0.1800 0.0274
6.4000 0.2000 0.0313
6.4000 0.2200 0.0357
6.4000 0.2400 0.0406
6.4000 0.2600 0.0459
6.4000 0.2800 0.0516
6.4000 0.3000 0.0576
6.4000 0.3200 0.0641
6.4000 0.3400 0.0710
6.4000 0.3600 0.0783
6.4000 0.3800 0.0860
6.4000 0.4000 0.0940
6.4000 0.4200 0.1024
6.4000 0.4400 0.1112
6.4000 0.4600 0.1204
6.4000 0.4800 0.1300
6.4000 0.5000 0.1400
6.4000 0.5200 0.1503
6.4000 0.5400 0.1610
6.4000 0.5600 0.1721
6.4000 0.5800 0.1836
6.6000 0.1600 0.0240
6.6000 0.1800 0.0273
6.6000 0.2000 0.0313
6.6000 0.2200 0.0357
6.6000 0.2400 0.0405
6.6000 0.2600 0.0458
6.6000 0.2800 0.0515
6.6000 0.3000 0.0576
6.6000 0.3200 0.0641
6.6000 0.3400 0.0710
6.6000 0.3600 0.0783
6.6000 0.3800 0.0860
6.6000 0.4000 0.0940
6.6000 0.4200 0.1025
6.6000 0.4400 0.1113
6.6000 0.4600 0.1205
6.6000 0.4800 0.1301
6.6000 0.5000 0.1401
6.6000 0.5200 0.1505
6.6000 0.5400 0.1612
6.6000 0.5600 0.1723
6.6000 0.5800 0.1838
6.8000 0.1600 0.0239
6.8000 0.1800 0.0273
6.8000 0.2000 0.0312
6.8000 0.2200 0.0356
6.8000 0.2400 0.0405
6.8000 0.2600 0.0458
6.8000 0.2800 0.0515
6.8000 0.3000 0.0576
6.8000 0.3200 0.0641
6.8000 0.3400 0.0710
6.8000 0.3600 0.0783
6.8000 0.3800 0.0860
6.8000 0.4000 0.0941
6.8000 0.4200 0.1026
6.8000 0.4400 0.1114
6.8000 0.4600 0.1206
6.8000 0.4800 0.1302
6.8000 0.5000 0.1402
6.8000 0.5200 0.1506
6.8000 0.5400 0.1614
6.8000 0.5600 0.1725
6.8000 0.5800 0.1840
7.0000 0.1600 0.0238
7.0000 0.1800 0.0272
7.0000 0.2000 0.0311
7.0000 0.2200 0.0356
7.0000 0.2400 0.0405
7.0000 0.2600 0.0458
7.0000 0.2800 0.0515
7.0000 0.3000 0.0576
7.0000 0.3200 0.0642
7.0000 0.3400 0.0711
7.0000 0.3600 0.0784
7.0000 0.3800 0.0861
7.0000 0.4000 0.0942
7.0000 0.4200 0.1027
7.0000 0.4400 0.1115
7.0000 0.4600 0.1208
7.0000 0.4800 0.1304
7.0000 0.5000 0.1404
7.0000 0.5200 0.1508
7.0000 0.5400 0.1616
7.0000 0.5600 0.1727
7.0000 0.5800 0.1843
7.2000 0.1600 0.0237
7.2000 0.1800 0.0271
7.2000 0.2000 0.0311
7.2000 0.2200 0.0355
7.2000 0.2400 0.0404
7.2000 0.2600 0.0458
7.2000 0.2800 0.0515
7.2000 0.3000 0.0576
7.2000 0.3200 0.0642
7.2000 0.3400 0.0711
7.2000 0.3600 0.0784
7.2000 0.3800 0.0861
7.2000 0.4000 0.0943
7.2000 0.4200 0.1027
7.2000 0.4400 0.1116
7.2000 0.4600 0.1209
7.2000 0.4800 0.1305
7.2000 0.5000 0.1406
7.2000 0.5200 0.1510
7.2000 0.5400 0.1618
7.2000 0.5600 0.1730
7.2000 0.5800 0.1846
7.4000 0.1600 0.0236
7.4000 0.1800 0.0270
7.4000 0.2000 0.0310
7.4000 0.2200 0.0355
7.4000 0.2400 0.0404
7.4000 0.2600 0.0457
7.4000 0.2800 0.0515
7.4000 0.3000 0.0576
7.4000 0.3200 0.0642
7.4000 0.3400 0.0711
7.4000 0.3600 0.0785
7.4000 0.3800 0.0862
7.4000 0.4000 0.0943
7.4000 0.4200 0.1028
7.4000 0.4400 0.1117
7.4000 0.4600 0.1210
7.4000 0.4800 0.1307
7.4000 0.5000 0.1407
7.4000 0.5200 0.1512
7.4000 0.5400 0.1620
7.4000 0.5600 0.1732
7.4000 0.5800 0.1848
7.6000 0.1600 0.0235
7.6000 0.1800 0.0270
7.6000 0.2000 0.0310
7.6000 0.2200 0.0354
7.6000 0.2400 0.0404
7.6000 0.2600 0.0457
7.6000 0.2800 0.0515
7.6000 0.3000 0.0576
7.6000 0.3200 0.0642
7.6000 0.3400 0.0712
7.6000 0.3600 0.0785
7.6000 0.3800 0.0863
7.6000 0.4000 0.0944
7.6000 0.4200 0.1029
7.6000 0.4400 0.1118
7.6000 0.4600 0.1211
7.6000 0.4800 0.1308
7.6000 0.5000 0.1409
7.6000 0.5200 0.1514
7.6000 0.5400 0.1622
7.6000 0.5600 0.1735
7.6000 0.5800 0.1851
7.8000 0.1600 0.0234
7.8000 0.1800 0.0269
7.8000 0.2000 0.0309
7.8000 0.2200 0.0354
7.8000 0.2400 0.0403
7.8000 0.2600 0.0457
7.8000 0.2800 0.0515
7.8000 0.3000 0.0576
7.8000 0.3200 0.0642
7.8000 0.3400 0.0712
7.8000 0.3600 0.0786
7.8000 0.3800 0.0863
7.8000 0.4000 0.0945
7.8000 0.4200 0.1030
7.8000 0.4400 0.1120
7.8000 0.4600 0.1213
7.8000 0.4800 0.1310
7.8000 0.5000 0.1411
7.8000 0.5200 0.1516
7.8000 0.5400 0.1624
7.8000 0.5600 0.1737
7.8000 0.5800 0.1854
8.0000 0.1600 0.0234
8.0000 0.1800 0.0268
8.0000 0.2000 0.0309
8.0000 0.2200 0.0354
8.0000 0.2400 0.0403
8.0000 0.2600 0.0457
8.0000 0.2800 0.0515
8.0000 0.3000 0.0576
8.0000 0.3200 0.0642
8.0000 0.3400 0.0712
8.0000 0.3600 0.0786
8.0000 0.3800 0.0864
8.0000 0.4000 0.0946
8.0000 0.4200 0.1031
8.0000 0.4400 0.1121
8.0000 0.4600 0.1214
8.0000 0.4800 0.1311
8.0000 0.5000 0.1413
8.0000 0.5200 0.1518
8.0000 0.5400 0.1627
8.0000 0.5600 0.1739
8.0000 0.5800 0.1856
8.2000 0.1600 0.0233
8.2000 0.1800 0.0268
8.2000 0.2000 0.0308
8.2000 0.2200 0.0353
8.2000 0.2400 0.0403
8.2000 0.2600 0.0457
8.2000 0.2800 0.0515
8.2000 0.3000 0.0577
8.2000 0.3200 0.0643
8.2000 0.3400 0.0713
8.2000 0.3600 0.0787
8.2000 0.3800 0.0865
8.2000 0.4000 0.0946
8.2000 0.4200 0.1032
8.2000 0.4400 0.1122
8.2000 0.4600 0.1216
8.2000 0.4800 0.1313
8.2000 0.5000 0.1414
8.2000 0.5200 0.1520
8.2000 0.5400 0.1629
8.2000 0.5600 0.1742
8.2000 0.5800 0.1859
8.4000 0.1600 0.0232
8.4000 0.1800 0.0267
8.4000 0.2000 0.0307
8.4000 0.2200 0.0353
8.4000 0.2400 0.0402
8.4000 0.2600 0.0456
8.4000 0.2800 0.0515
8.4000 0.3000 0.0577
8.4000 0.3200 0.0643
8.4000 0.3400 0.0713
8.4000 0.3600 0.0787
8.4000 0.3800 0.0865
8.4000 0.4000 0.0947
8.4000 0.4200 0.1033
8.4000 0.4400 0.1123
8.4000 0.4600 0.1217
8.4000 0.4800 0.1315
8.4000 0.5000 0.1417
8.4000 0.5200 0.1522
8.4000 0.5400 0.1632
8.4000 0.5600 0.1745
8.4000 0.5800 0.1862
8.6000 0.1600 0.0231
8.6000 0.1800 0.0266
8.6000 0.2000 0.0307
8.6000 0.2200 0.0352
8.6000 0.2400 0.0402
8.6000 0.2600 0.0456
8.6000 0.2800 0.0515
8.6000 0.3000 0.0577
8.6000 0.3200 0.0643
8.6000 0.3400 0.0714
8.6000 0.3600 0.0788
8.6000 0.3800 0.0866
8.6000 0.4000 0.0949
8.6000 0.4200 0.1035
8.6000 0.4400 0.1125
8.6000 0.4600 0.1219
8.6000 0.4800 0.1317
8.6000 0.5000 0.1419
8.6000 0.5200 0.1525
8.6000 0.5400 0.1634
8.6000 0.5600 0.1748
8.6000 0.5800 0.1866
8.8000 0.1600 0.0230
8.8000 0.1800 0.0266
8.8000 0.2000 0.0306
8.8000 0.2200 0.0352
8.8000 0.2400 0.0402
8.8000 0.2600 0.0456
8.8000 0.2800 0.0515
8.8000 0.3000 0.0577
8.8000 0.3200 0.0644
8.8000 0.3400 0.0714
8.8000 0.3600 0.0789
8.8000 0.3800 0.0867
8.8000 0.4000 0.0950
8.8000 0.4200 0.1036
8.8000 0.4400 0.1126
8.8000 0.4600 0.1221
8.8000 0.4800 0.1319
8.8000 0.5000 0.1421
8.8000 0.5200 0.1527
8.8000 0.5400 0.1637
8.8000 0.5600 0.1751
8.8000 0.5800 0.1869
9.0000 0.1600 0.0229
9.0000 0.1800 0.0265
9.0000 0.2000 0.0306
9.0000 0.2200 0.0352
9.0000 0.2400 0.0402
9.0000 0.2600 0.0456
9.0000 0.2800 0.0515
9.0000 0.3000 0.0577
9.0000 0.3200 0.0644
9.0000 0.3400 0.0715
9.0000 0.3600 0.0789
9.0000 0.3800 0.0868
9.0000 0.4000 0.0951
9.0000 0.4200 0.1037
9.0000 0.4400 0.1128
9.0000 0.4600 0.1222
9.0000 0.4800 0.1321
9.0000 0.5000 0.1423
9.0000 0.5200 0.1530
9.0000 0.5400 0.1640
9.0000 0.5600 0.1754
9.0000 0.5800 0.1872
9.2000 0.1600 0.0228
9.2000 0.1800 0.0264
9.2000 0.2000 0.0305
9.2000 0.2200 0.0351
9.2000 0.2400 0.0401
9.2000 0.2600 0.0456
9.2000 0.2800 0.0515
9.2000 0.3000 0.0577
9.2000 0.3200 0.0644
9.2000 0.3400 0.0715
9.2000 0.3600 0.0790
9.2000 0.3800 0.0869
9.2000 0.4000 0.0952
9.2000 0.4200 0.1039
9.2000 0.4400 0.1129
9.2000 0.4600 0.1224
9.2000 0.4800 0.1323
9.2000 0.5000 0.1425
9.2000 0.5200 0.1532
9.2000 0.5400 0.1643
9.2000 0.5600 0.1757
9.2000 0.5800 0.1876
9.4000 0.1600 0.0227
9.4000 0.1800 0.0264
9.4000 0.2000 0.0305
9.4000 0.2200 0.0351
9.4000 0.2400 0.0401
9.4000 0.2600 0.0456
9.4000 0.2800 0.0515
9.4000 0.3000 0.0578
9.4000 0.3200 0.0645
9.4000 0.3400 0.0716
9.4000 0.3600 0.0791
9.4000 0.3800 0.0870
9.4000 0.4000 0.0953
9.4000 0.4200 0.1040
9.4000 0.4400 0.1131
9.4000 0.4600 0.1226
9.4000 0.4800 0.1325
9.4000 0.5000 0.1428
9.4000 0.5200 0.1535
9.4000 0.5400 0.1646
9.4000 0.5600 0.1760
9.4000 0.5800 0.1879
9.6000 0.1600 0.0227
9.6000 0.1800 0.0263
9.6000 0.2000 0.0304
9.6000 0.2200 0.0350
9.6000 0.2400 0.0401
9.6000 0.2600 0.0456
9.6000 0.2800 0.0515
9.6000 0.3000 0.0578
9.6000 0.3200 0.0645
9.6000 0.3400 0.0716
9.6000 0.3600 0.0791
9.6000 0.3800 0.0871
9.6000 0.4000 0.0954
9.6000 0.4200 0.1041
9.6000 0.4400 0.1132
9.6000 0.4600 0.1228
9.6000 0.4800 0.1327
9.6000 0.5000 0.1430
9.6000 0.5200 0.1537
9.6000 0.5400 0.1648
9.6000 0.5600 0.1764
9.6000 0.5800 0.1883
9.8000 0.1600 0.0226
9.8000 0.1800 0.0262
9.8000 0.2000 0.0304
9.8000 0.2200 0.0350
9.8000 0.2400 0.0401
9.8000 0.2600 0.0456
9.8000 0.2800 0.0515
9.8000 0.3000 0.0578
9.8000 0.3200 0.0645
9.8000 0.3400 0.0717
9.8000 0.3600 0.0792
9.8000 0.3800 0.0872
9.8000 0.4000 0.0955
9.8000 0.4200 0.1043
9.8000 0.4400 0.1134
9.8000 0.4600 0.1230
9.8000 0.4800 0.1329
9.8000 0.5000 0.1433
9.8000 0.5200 0.1540
9.8000 0.5400 0.1652
9.8000 0.5600 0.1767
9.8000 0.5800 0.1887
10.0000 0.1600 0.0225
10.0000 0.1800 0.0262
10.0000 0.2000 0.0303
10.0000 0.2200 0.0350
10.0000 0.2400 0.0401
10.0000 0.2600 0.0456
10.0000 0.2800 0.0515
10.0000 0.3000 0.0578
10.0000 0.3200 0.0646
10.0000 0.3400 0.0718
10.0000 0.3600 0.0793
10.0000 0.3800 0.0873
10.0000 0.4000 0.0957
10.0000 0.4200 0.1044
10.0000 0.4400 0.1136
10.0000 0.4600 0.1232
10.0000 0.4800 0.1332
10.0000 0.5000 0.1435
10.0000 0.5200 0.1543
10.0000 0.5400 0.1655
10.0000 0.5600 0.1771
10.0000 0.5800 0.1891
10.2000 0.1600 0.0224
10.2000 0.1800 0.0261
10.2000 0.2000 0.0303
10.2000 0.2200 0.0350
10.2000 0.2400 0.0401
10.2000 0.2600 0.0456
10.2000 0.2800 0.0515
10.2000 0.3000 0.0579
10.2000 0.3200 0.0646
10.2000 0.3400 0.0718
10.2000 0.3600 0.0794
10.2000 0.3800 0.0874
10.2000 0.4000 0.0958
10.2000 0.4200 0.1046
10.2000 0.4400 0.1138
10.2000 0.4600 0.1234
10.2000 0.4800 0.1334
10.2000 0.5000 0.1438
10.2000 0.5200 0.1546
10.2000 0.5400 0.1658
10.2000 0.5600 0.1775
10.2000 0.5800 0.1895
10.4000 0.1600 0.0223
10.4000 0.1800 0.0260
10.4000 0.2000 0.0303
10.4000 0.2200 0.0349
10.4000 0.2400 0.0400
10.4000 0.2600 0.0456
10.4000 0.2800 0.0515
10.4000 0.3000 0.0579
10.4000 0.3200 0.0647
10.4000 0.3400 0.0719
10.4000 0.3600 0.0795
10.4000 0.3800 0.0875
10.4000 0.4000 0.0959
10.4000 0.4200 0.1047
10.4000 0.4400 0.1140
10.4000 0.4600 0.1236
10.4000 0.4800 0.1336
10.4000 0.5000 0.1441
10.4000 0.5200 0.1549
10.4000 0.5400 0.1662
10.4000 0.5600 0.1778
10.4000 0.5800 0.1899
10.6000 0.1600 0.0223
10.6000 0.1800 0.0260
10.6000 0.2000 0.0302
10.6000 0.2200 0.0349
10.6000 0.2400 0.0400
10.6000 0.2600 0.0456
10.6000 0.2800 0.0515
10.6000 0.3000 0.0579
10.6000 0.3200 0.0647
10.6000 0.3400 0.0720
10.6000 0.3600 0.0796
10.6000 0.3800 0.0876
10.6000 0.4000 0.0961
10.6000 0.4200 0.1049
10.6000 0.4400 0.1142
10.6000 0.4600 0.1238
10.6000 0.4800 0.1339
10.6000 0.5000 0.1444
10.6000 0.5200 0.1552
10.6000 0.5400 0.1665
10.6000 0.5600 0.1782
10.6000 0.5800 0.1903
10.8000 0.1600 0.0222
10.8000 0.1800 0.0259
10.8000 0.2000 0.0302
10.8000 0.2200 0.0349
10.8000 0.2400 0.0400
10.8000 0.2600 0.0456
10.8000 0.2800 0.0516
10.8000 0.3000 0.0580
10.8000 0.3200 0.0648
10.8000 0.3400 0.0720
10.8000 0.3600 0.0797
10.8000 0.3800 0.0877
10.8000 0.4000 0.0962
10.8000 0.4200 0.1051
10.8000 0.4400 0.1143
10.8000 0.4600 0.1240
10.8000 0.4800 0.1341
10.8000 0.5000 0.1446
10.8000 0.5200 0.1555
10.8000 0.5400 0.1669
10.8000 0.5600 0.1786
10.8000 0.5800 0.1907
11.0000 0.1600 0.0221
11.0000 0.1800 0.0259
11.0000 0.2000 0.0301
11.0000 0.2200 0.0348
11.0000 0.2400 0.0400
11.0000 0.2600 0.0456
11.0000 0.2800 0.0516
11.0000 0.3000 0.0580
11.0000 0.3200 0.0648
11.0000 0.3400 0.0721
11.0000 0.3600 0.0798
11.0000 0.3800 0.0878
11.0000 0.4000 0.0963
11.0000 0.4200 0.1052
11.0000 0.4400 0.1145
11.0000 0.4600 0.1243
11.0000 0.4800 0.1344
11.0000 0.5000 0.1449
11.0000 0.5200 0.1559
11.0000 0.5400 0.1672
11.0000 0.5600 0.1790
11.0000 0.5800 0.1911
11.2000 0.1600 0.0220
11.2000 0.1800 0.0258
11.2000 0.2000 0.0301
11.2000 0.2200 0.0348
11.2000 0.2400 0.0400
11.2000 0.2600 0.0456
11.2000 0.2800 0.0516
11.2000 0.3000 0.0581
11.2000 0.3200 0.0649
11.2000 0.3400 0.0722
11.2000 0.3600 0.0799
11.2000 0.3800 0.0880
11.2000 0.4000 0.0965
11.2000 0.4200 0.1054
11.2000 0.4400 0.1148
11.2000 0.4600 0.1245
11.2000 0.4800 0.1347
11.2000 0.5000 0.1452
11.2000 0.5200 0.1562
11.2000 0.5400 0.1676
11.2000 0.5600 0.1794
11.2000 0.5800 0.1916
11.4000 0.1600 0.0220
11.4000 0.1800 0.0257
11.4000 0.2000 0.0300
11.4000 0.2200 0.0348
11.4000 0.2400 0.0400
11.4000 0.2600 0.0456
11.4000 0.2800 0.0516
11.4000 0.3000 0.0581
11.4000 0.3200 0.0650
11.4000 0.3400 0.0723
11.4000 0.3600 0.0800
11.4000 0.3800 0.0881
11.4000 0.4000 0.0967
11.4000 0.4200 0.1056
11.4000 0.4400 0.1150
11.4000 0.4600 0.1248
11.4000 0.4800 0.1349
11.4000 0.5000 0.1455
11.4000 0.5200 0.1566
11.4000 0.5400 0.1680
11.4000 0.5600 0.1798
11.4000 0.5800 0.1921
11.6000 0.1600 0.0219
11.6000 0.1800 0.0257
11.6000 0.2000 0.0300
11.6000 0.2200 0.0348
11.6000 0.2400 0.0400
11.6000 0.2600 0.0456
11.6000 0.2800 0.0517
11.6000 0.3000 0.0581
11.6000 0.3200 0.0650
11.6000 0.3400 0.0724
11.6000 0.3600 0.0801
11.6000 0.3800 0.0883
11.6000 0.4000 0.0968
11.6000 0.4200 0.1058
11.6000 0.4400 0.1152
11.6000 0.4600 0.1250
11.6000 0.4800 0.1352
11.6000 0.5000 0.1459
11.6000 0.5200 0.1569
11.6000 0.5400 0.1684
11.6000 0.5600 0.1802
11.6000 0.5800 0.1925
11.8000 0.1600 0.0218
11.8000 0.1800 0.0256
11.8000 0.2000 0.0300
11.8000 0.2200 0.0347
11.8000 0.2400 0.0400
11.8000 0.2600 0.0456
11.8000 0.2800 0.0517
11.8000 0.3000 0.0582
11.8000 0.3200 0.0651
11.8000 0.3400 0.0724
11.8000 0.3600 0.0802
11.8000 0.3800 0.0884
11.8000 0.4000 0.0970
11.8000 0.4200 0.1060
11.8000 0.4400 0.1154
11.8000 0.4600 0.1252
11.8000 0.4800 0.1355
11.8000 0.5000 0.1462
11.8000 0.5200 0.1573
11.8000 0.5400 0.1688
11.8000 0.5600 0.1807
11.8000 0.5800 0.1930
12.0000 0.1600 0.0217
12.0000 0.1800 0.0256
12.0000 0.2000 0.0299
12.0000 0.2200 0.0347
12.0000 0.2400 0.0399
12.0000 0.2600 0.0456
12.0000 0.2800 0.0517
12.0000 0.3000 0.0582
12.0000 0.3200 0.0652
12.0000 0.3400 0.0725
12.0000 0.3600 0.0803
12.0000 0.3800 0.0885
12.0000 0.4000 0.0971
12.0000 0.4200 0.1062
12.0000 0.4400 0.1156
12.0000 0.4600 0.1255
12.0000 0.4800 0.1358
12.0000 0.5000 0.1465
12.0000 0.5200 0.1576
12.0000 0.5400 0.1691
12.0000 0.5600 0.1811
12.0000 0.5800 0.1935
12.2000 0.1600 0.0217
12.2000 0.1800 0.0255
12.2000 0.2000 0.0299
12.2000 0.2200 0.0347
12.2000 0.2400 0.0399
12.2000 0.2600 0.0456
12.2000 0.2800 0.0517
12.2000 0.3000 0.0583
12.2000 0.3200 0.0652
12.2000 0.3400 0.0726
12.2000 0.3600 0.0804
12.2000 0.3800 0.0887
12.2000 0.4000 0.0973
12.2000 0.4200 0.1064
12.2000 0.4400 0.1158
12.2000 0.4600 0.1258
12.2000 0.4800 0.1361
12.2000 0.5000 0.1468
12.2000 0.5200 0.1580
12.2000 0.5400 0.1695
12.2000 0.5600 0.1815
12.2000 0.5800 0.1939
12.4000 0.1600 0.0216
12.4000 0.1800 0.0255
12.4000 0.2000 0.0298
12.4000 0.2200 0.0347
12.4000 0.2400 0.0399
12.4000 0.2600 0.0456
12.4000 0.2800 0.0518
12.4000 0.3000 0.0583
12.4000 0.3200 0.0653
12.4000 0.3400 0.0727
12.4000 0.3600 0.0805
12.4000 0.3800 0.0888
12.4000 0.4000 0.0975
12.4000 0.4200 0.1066
12.4000 0.4400 0.1161
12.4000 0.4600 0.1260
12.4000 0.4800 0.1364
12.4000 0.5000 0.1471
12.4000 0.5200 0.1583
12.4000 0.5400 0.1699
12.4000 0.5600 0.1820
12.4000 0.5800 0.1944
12.6000 0.1600 0.0215
12.6000 0.1800 0.0254
12.6000 0.2000 0.0298
12.6000 0.2200 0.0346
12.6000 0.2400 0.0399
12.6000 0.2600 0.0456
12.6000 0.2800 0.0518
12.6000 0.3000 0.0584
12.6000 0.3200 0.0654
12.6000 0.3400 0.0728
12.6000 0.3600 0.0807
12.6000 0.3800 0.0890
12.6000 0.4000 0.0977
12.6000 0.4200 0.1068
12.6000 0.4400 0.1163
12.6000 0.4600 0.1263
12.6000 0.4800 0.1367
12.6000 0.5000 0.1475
12.6000 0.5200 0.1587
12.6000 0.5400 0.1704
12.6000 0.5600 0.1825
12.6000 0.5800 0.1950
12.8000 0.1600 0.0214
12.8000 0.1800 0.0254
12.8000 0.2000 0.0298
12.8000 0.2200 0.0346
12.8000 0.2400 0.0399
12.8000 0.2600 0.0457
12.8000 0.2800 0.0518
12.8000 0.3000 0.0584
12.8000 0.3200 0.0655
12.8000 0.3400 0.0729
12.8000 0.3600 0.0808
12.8000 0.3800 0.0891
12.8000 0.4000 0.0978
12.8000 0.4200 0.1070
12.8000 0.4400 0.1166
12.8000 0.4600 0.1266
12.8000 0.4800 0.1370
12.8000 0.5000 0.1478
12.8000 0.5200 0.1591
12.8000 0.5400 0.1708
12.8000 0.5600 0.1829
12.8000 0.5800 0.1955
13.0000 0.1600 0.0214
13.0000 0.1800 0.0253
13.0000 0.2000 0.0297
13.0000 0.2200 0.0346
13.0000 0.2400 0.0399
13.0000 0.2600 0.0457
13.0000 0.2800 0.0519
13.0000 0.3000 0.0585
13.0000 0.3200 0.0655
13.0000 0.3400 0.0730
13.0000 0.3600 0.0809
13.0000 0.3800 0.0893
13.0000 0.4000 0.0980
13.0000 0.4200 0.1072
13.0000 0.4400 0.1168
13.0000 0.4600 0.1269
13.0000 0.4800 0.1373
13.0000 0.5000 0.1482
13.0000 0.5200 0.1595
13.0000 0.5400 0.1713
13.0000 0.5600 0.1834
13.0000 0.5800 0.1960
13.2000 0.1600 0.0213
13.2000 0.1800 0.0253
13.2000 0.2000 0.0297
13.2000 0.2200 0.0346
13.2000 0.2400 0.0399
13.2000 0.2600 0.0457
13.2000 0.2800 0.0519
13.2000 0.3000 0.0586
13.2000 0.3200 0.0656
13.2000 0.3400 0.0731
13.2000 0.3600 0.0811
13.2000 0.3800 0.0894
13.2000 0.4000 0.0982
13.2000 0.4200 0.1074
13.2000 0.4400 0.1171
13.2000 0.4600 0.1271
13.2000 0.4800 0.1376
13.2000 0.5000 0.1486
13.2000 0.5200 0.1599
13.2000 0.5400 0.1717
13.2000 0.5600 0.1839
13.2000 0.5800 0.1965
13.4000 0.1600 0.0212
13.4000 0.1800 0.0252
13.4000 0.2000 0.0297
13.4000 0.2200 0.0346
13.4000 0.2400 0.0399
13.4000 0.2600 0.0457
13.4000 0.2800 0.0519
13.4000 0.3000 0.0586
13.4000 0.3200 0.0657
13.4000 0.3400 0.0732
13.4000 0.3600 0.0812
13.4000 0.3800 0.0896
13.4000 0.4000 0.0984
13.4000 0.4200 0.1076
13.4000 0.4400 0.1173
13.4000 0.4600 0.1274
13.4000 0.4800 0.1380
13.4000 0.5000 0.1489
13.4000 0.5200 0.1603
13.4000 0.5400 0.1721
13.4000 0.5600 0.1844
13.4000 0.5800 0.1971
13.6000 0.1600 0.0212
13.6000 0.1800 0.0252
13.6000 0.2000 0.0296
13.6000 0.2200 0.0345
13.6000 0.2400 0.0399
13.6000 0.2600 0.0457
13.6000 0.2800 0.0520
13.6000 0.3000 0.0587
13.6000 0.3200 0.0658
13.6000 0.3400 0.0733
13.6000 0.3600 0.0813
13.6000 0.3800 0.0897
13.6000 0.4000 0.0986
13.6000 0.4200 0.1079
13.6000 0.4400 0.1176
13.6000 0.4600 0.1277
13.6000 0.4800 0.1383
13.6000 0.5000 0.1493
13.6000 0.5200 0.1607
13.6000 0.5400 0.1726
13.6000 0.5600 0.1849
13.6000 0.5800 0.1976
13.8000 0.1600 0.0211
13.8000 0.1800 0.0251
13.8000 0.2000 0.0296
13.8000 0.2200 0.0345
13.8000 0.2400 0.0399
13.8000 0.2600 0.0457
13.8000 0.2800 0.0520
13.8000 0.3000 0.0587
13.8000 0.3200 0.0659
13.8000 0.3400 0.0734
13.8000 0.3600 0.0815
13.8000 0.3800 0.0899
13.8000 0.4000 0.0988
13.8000 0.4200 0.1081
13.8000 0.4400 0.1178
13.8000 0.4600 0.1280
13.8000 0.4800 0.1386
13.8000 0.5000 0.1497
13.8000 0.5200 0.1611
13.8000 0.5400 0.1730
13.8000 0.5600 0.1854
13.8000 0.5800 0.1982
14.0000 0.1600 0.0211
14.0000 0.1800 0.0251
14.0000 0.2000 0.0296
14.0000 0.2200 0.0345
14.0000 0.2400 0.0399
14.0000 0.2600 0.0458
14.0000 0.2800 0.0521
14.0000 0.3000 0.0588
14.0000 0.3200 0.0660
14.0000 0.3400 0.0736
14.0000 0.3600 0.0816
14.0000 0.3800 0.0901
14.0000 0.4000 0.0990
14.0000 0.4200 0.1083
14.0000 0.4400 0.1181
14.0000 0.4600 0.1283
14.0000 0.4800 0.1390
14.0000 0.5000 0.1501
14.0000 0.5200 0.1616
14.0000 0.5400 0.1735
14.0000 0.5600 0.1859
14.0000 0.5800 0.1987
14.2000 0.1600 0.0210
14.2000 0.1800 0.0250
14.2000 0.2000 0.0295
14.2000 0.2200 0.0345
14.2000 0.2400 0.0399
14.2000 0.2600 0.0458
14.2000 0.2800 0.0521
14.2000 0.3000 0.0589
14.2000 0.3200 0.0661
14.2000 0.3400 0.0737
14.2000 0.3600 0.0817
14.2000 0.3800 0.0903
14.2000 0.4000 0.0992
14.2000 0.4200 0.1086
14.2000 0.4400 0.1184
14.2000 0.4600 0.1286
14.2000 0.4800 0.1393
14.2000 0.5000 0.1504
14.2000 0.5200 0.1620
14.2000 0.5400 0.1740
14.2000 0.5600 0.1864
14.2000 0.5800 0.1993
14.4000 0.1600 0.0209
14.4000 0.1800 0.0250
14.4000 0.2000 0.0295
14.4000 0.2200 0.0345
14.4000 0.2400 0.0399
14.4000 0.2600 0.0458
14.4000 0.2800 0.0522
14.4000 0.3000 0.0589
14.4000 0.3200 0.0661
14.4000 0.3400 0.0738
14.4000 0.3600 0.0819
14.4000 0.3800 0.0904
14.4000 0.4000 0.0994
14.4000 0.4200 0.1088
14.4000 0.4400 0.1187
14.4000 0.4600 0.1290
14.4000 0.4800 0.1397
14.4000 0.5000 0.1508
14.4000 0.5200 0.1624
14.4000 0.5400 0.1745
14.4000 0.5600 0.1870
14.4000 0.5800 0.1999
14.6000 0.1600 0.0209
14.6000 0.1800 0.0249
14.6000 0.2000 0.0295
14.6000 0.2200 0.0345
14.6000 0.2400 0.0399
14.6000 0.2600 0.0458
14.6000 0.2800 0.0522
14.6000 0.3000 0.0590
14.6000 0.3200 0.0662
14.6000 0.3400 0.0739
14.6000 0.3600 0.0820
14.6000 0.3800 0.0906
14.6000 0.4000 0.0996
14.6000 0.4200 0.1091
14.6000 0.4400 0.1189
14.6000 0.4600 0.1293
14.6000 0.4800 0.1400
14.6000 0.5000 0.1512
14.6000 0.5200 0.1629
14.6000 0.5400 0.1750
14.6000 0.5600 0.1875
14.6000 0.5800 0.2005
14.8000 0.1600 0.0208
14.8000 0.1800 0.0249
14.8000 0.2000 0.0294
14.8000 0.2200 0.0345
14.8000 0.2400 0.0399
14.8000 0.2600 0.0459
14.8000 0.2800 0.0522
14.8000 0.3000 0.0591
14.8000 0.3200 0.0663
14.8000 0.3400 0.0740
14.8000 0.3600 0.0822
14.8000 0.3800 0.0908
14.8000 0.4000 0.0998
14.8000 0.4200 0.1093
14.8000 0.4400 0.1192
14.8000 0.4600 0.1296
14.8000 0.4800 0.1404
14.8000 0.5000 0.1516
14.8000 0.5200 0.1633
14.8000 0.5400 0.1755
14.8000 0.5600 0.1881
14.8000 0.5800 0.2011
15.0000 0.1600 0.0207
15.0000 0.1800 0.0248
15.0000 0.2000 0.0294
15.0000 0.2200 0.0345
15.0000 0.2400 0.0400
15.0000 0.2600 0.0459
15.0000 0.2800 0.0523
15.0000 0.3000 0.0591
15.0000 0.3200 0.0664
15.0000 0.3400 0.0742
15.0000 0.3600 0.0823
15.0000 0.3800 0.0910
15.0000 0.4000 0.1000
15.0000 0.4200 0.1095
15.0000 0.4400 0.1195
15.0000 0.4600 0.1299
15.0000 0.4800 0.1408
15.0000 0.5000 0.1520
15.0000 0.5200 0.1638
15.0000 0.5400 0.1760
15.0000 0.5600 0.1886
15.0000 0.5800 0.2017
15.2000 0.1600 0.0207
15.2000 0.1800 0.0248
15.2000 0.2000 0.0294
15.2000 0.2200 0.0344
15.2000 0.2400 0.0400
15.2000 0.2600 0.0459
15.2000 0.2800 0.0523
15.2000 0.3000 0.0592
15.2000 0.3200 0.0665
15.2000 0.3400 0.0743
15.2000 0.3600 0.0825
15.2000 0.3800 0.0911
15.2000 0.4000 0.1002
15.2000 0.4200 0.1098
15.2000 0.4400 0.1198
15.2000 0.4600 0.1302
15.2000 0.4800 0.1411
15.2000 0.5000 0.1525
15.2000 0.5200 0.1642
15.2000 0.5400 0.1765
15.2000 0.5600 0.1892
15.2000 0.5800 0.2023
15.4000 0.1600 0.0206
15.4000 0.1800 0.0248
15.4000 0.2000 0.0294
15.4000 0.2200 0.0344
15.4000 0.2400 0.0400
15.4000 0.2600 0.0460
15.4000 0.2800 0.0524
15.4000 0.3000 0.0593
15.4000 0.3200 0.0666
15.4000 0.3400 0.0744
15.4000 0.3600 0.0827
15.4000 0.3800 0.0913
15.4000 0.4000 0.1005
15.4000 0.4200 0.1101
15.4000 0.4400 0.1201
15.4000 0.4600 0.1306
15.4000 0.4800 0.1415
15.4000 0.5000 0.1529
15.4000 0.5200 0.1647
15.4000 0.5400 0.1770
15.4000 0.5600 0.1897
15.4000 0.5800 0.2029
15.6000 0.1600 0.0206
15.6000 0.1800 0.0247
15.6000 0.2000 0.0293
15.6000 0.2200 0.0344
15.6000 0.2400 0.0400
15.6000 0.2600 0.0460
15.6000 0.2800 0.0525
15.6000 0.3000 0.0594
15.6000 0.3200 0.0667
15.6000 0.3400 0.0745
15.6000 0.3600 0.0828
15.6000 0.3800 0.0915
15.6000 0.4000 0.1007
15.6000 0.4200 0.1103
15.6000 0.4400 0.1204
15.6000 0.4600 0.1309
15.6000 0.4800 0.1419
15.6000 0.5000 0.1533
15.6000 0.5200 0.1652
15.6000 0.5400 0.1775
15.6000 0.5600 0.1903
15.6000 0.5800 0.2035
15.8000 0.1600 0.0205
15.8000 0.1800 0.0247
15.8000 0.2000 0.0293
15.8000 0.2200 0.0344
15.8000 0.2400 0.0400
15.8000 0.2600 0.0460
15.8000 0.2800 0.0525
15.8000 0.3000 0.0594
15.8000 0.3200 0.0668
15.8000 0.3400 0.0747
15.8000 0.3600 0.0830
15.8000 0.3800 0.0917
15.8000 0.4000 0.1009
15.8000 0.4200 0.1106
15.8000 0.4400 0.1207
15.8000 0.4600 0.1313
15.8000 0.4800 0.1423
15.8000 0.5000 0.1538
15.8000 0.5200 0.1657
15.8000 0.5400 0.1781
15.8000 0.5600 0.1909
15.8000 0.5800 0.2042
16.0000 0.1600 0.0205
16.0000 0.1800 0.0246
16.0000 0.2000 0.0293
16.0000 0.2200 0.0344
16.0000 0.2400 0.0400
16.0000 0.2600 0.0461
16.0000 0.2800 0.0526
16.0000 0.3000 0.0595
16.0000 0.3200 0.0669
16.0000 0.3400 0.0748
16.0000 0.3600 0.0831
16.0000 0.3800 0.0919
16.0000 0.4000 0.1012
16.0000 0.4200 0.1109
16.0000 0.4400 0.1210
16.0000 0.4600 0.1316
16.0000 0.4800 0.1427
16.0000 0.5000 0.1542
16.0000 0.5200 0.1662
16.0000 0.5400 0.1786
16.0000 0.5600 0.1915
16.0000 0.5800 0.2048
16.2000 0.1600 0.0204
16.2000 0.1800 0.0246
16.2000 0.2000 0.0293
16.2000 0.2200 0.0344
16.2000 0.2400 0.0400
16.2000 0.2600 0.0461
16.2000 0.2800 0.0526
16.2000 0.3000 0.0596
16.2000 0.3200 0.0670
16.2000 0.3400 0.0749
16.2000 0.3600 0.0833
16.2000 0.3800 0.0921
16.2000 0.4000 0.1014
16.2000 0.4200 0.1111
16.2000 0.4400 0.1213
16.2000 0.4600 0.1320
16.2000 0.4800 0.1431
16.2000 0.5000 0.1546
16.2000 0.5200 0.1666
16.2000 0.5400 0.1791
16.2000 0.5600 0.1921
16.2000 0.5800 0.2055
16.4000 0.1600 0.0204
16.4000 0.1800 0.0246
16.4000 0.2000 0.0293
16.4000 0.2200 0.0344
16.4000 0.2400 0.0400
16.4000 0.2600 0.0461
16.4000 0.2800 0.0527
16.4000 0.3000 0.0597
16.4000 0.3200 0.0671
16.4000 0.3400 0.0751
16.4000 0.3600 0.0835
16.4000 0.3800 0.0923
16.4000 0.4000 0.1016
16.4000 0.4200 0.1114
16.4000 0.4400 0.1216
16.4000 0.4600 0.1323
16.4000 0.4800 0.1435
16.4000 0.5000 0.1551
16.4000 0.5200 0.1671
16.4000 0.5400 0.1797
16.4000 0.5600 0.1927
16.4000 0.5800 0.2061
16.6000 0.1600 0.0203
16.6000 0.1800 0.0245
16.6000 0.2000 0.0292
16.6000 0.2200 0.0344
16.6000 0.2400 0.0400
16.6000 0.2600 0.0462
16.6000 0.2800 0.0527
16.6000 0.3000 0.0598
16.6000 0.3200 0.0673
16.6000 0.3400 0.0752
16.6000 0.3600 0.0836
16.6000 0.3800 0.0925
16.6000 0.4000 0.1019
16.6000 0.4200 0.1117
16.6000 0.4400 0.1219
16.6000 0.4600 0.1327
16.6000 0.4800 0.1439
16.6000 0.5000 0.1555
16.6000 0.5200 0.1676
16.6000 0.5400 0.1802
16.6000 0.5600 0.1933
16.6000 0.5800 0.2068
16.8000 0.1600 0.0203
16.8000 0.1800 0.0245
16.8000 0.2000 0.0292
16.8000 0.2200 0.0344
16.8000 0.2400 0.0401
16.8000 0.2600 0.0462
16.8000 0.2800 0.0528
16.8000 0.3000 0.0598
16.8000 0.3200 0.0674
16.8000 0.3400 0.0754
16.8000 0.3600 0.0838
16.8000 0.3800 0.0927
16.8000 0.4000 0.1021
16.8000 0.4200 0.1120
16.8000 0.4400 0.1223
16.8000 0.4600 0.1330
16.8000 0.4800 0.1443
16.8000 0.5000 0.1560
16.8000 0.5200 0.1681
16.8000 0.5400 0.1808
16.8000 0.5600 0.1939
16.8000 0.5800 0.2075
17.0000 0.1600 0.0202
17.0000 0.1800 0.0245
17.0000 0.2000 0.0292
17.0000 0.2200 0.0344
17.0000 0.2400 0.0401
17.0000 0.2600 0.0462
17.0000 0.2800 0.0528
17.0000 0.3000 0.0599
17.0000 0.3200 0.0675
17.0000 0.3400 0.0755
17.0000 0.3600 0.0840
17.0000 0.3800 0.0929
17.0000 0.4000 0.1024
17.0000 0.4200 0.1122
17.0000 0.4400 0.1226
17.0000 0.4600 0.1334
17.0000 0.4800 0.1447
17.0000 0.5000 0.1564
17.0000 0.5200 0.1687
17.0000 0.5400 0.1814
17.0000 0.5600 0.1945
17.0000 0.5800 0.2081
17.2000 0.1600 0.0202
17.2000 0.1800 0.0244
17.2000 0.2000 0.0292
17.2000 0.2200 0.0344
17.2000 0.2400 0.0401
17.2000 0.2600 0.0463
17.2000 0.2800 0.0529
17.2000 0.3000 0.0600
17.2000 0.3200 0.0676
17.2000 0.3400 0.0756
17.2000 0.3600 0.0842
17.2000 0.3800 0.0931
17.2000 0.4000 0.1026
17.2000 0.4200 0.1125
17.2000 0.4400 0.1229
17.2000 0.4600 0.1338
17.2000 0.4800 0.1451
17.2000 0.5000 0.1569
17.2000 0.5200 0.1692
17.2000 0.5400 0.1819
17.2000 0.5600 0.1951
17.2000 0.5800 0.2088
17.4000 0.1600 0.0201
17.4000 0.1800 0.0244
17.4000 0.2000 0.0292
17.4000 0.2200 0.0344
17.4000 0.2400 0.0401
17.4000 0.2600 0.0463
17.4000 0.2800 0.0530
17.4000 0.3000 0.0601
17.4000 0.3200 0.0677
17.4000 0.3400 0.0758
17.4000 0.3600 0.0843
17.4000 0.3800 0.0934
17.4000 0.4000 0.1028
17.4000 0.4200 0.1128
17.4000 0.4400 0.1232
17.4000 0.4600 0.1342
17.4000 0.4800 0.1455
17.4000 0.5000 0.1574
17.4000 0.5200 0.1697
17.4000 0.5400 0.1825
17.4000 0.5600 0.1958
17.4000 0.5800 0.2095
17.6000 0.1600 0.0201
17.6000 0.1800 0.0244
17.6000 0.2000 0.0291
17.6000 0.2200 0.0344
17.6000 0.2400 0.0401
17.6000 0.2600 0.0463
17.6000 0.2800 0.0530
17.6000 0.3000 0.0602
17.6000 0.3200 0.0678
17.6000 0.3400 0.0759
17.6000 0.3600 0.0845
17.6000 0.3800 0.0936
17.6000 0.4000 0.1031
17.6000 0.4200 0.1131
17.6000 0.4400 0.1236
17.6000 0.4600 0.1345
17.6000 0.4800 0.1460
17.6000 0.5000 0.1579
17.6000 0.5200 0.1702
17.6000 0.5400 0.1831
17.6000 0.5600 0.1964
17.6000 0.5800 0.2102
17.8000 0.1600 0.0200
17.8000 0.1800 0.0243
17.8000 0.2000 0.0291
17.8000 0.2200 0.0344
17.8000 0.2400 0.0402
17.8000 0.2600 0.0464
17.8000 0.2800 0.0531
17.8000 0.3000 0.0603
17.8000 0.3200 0.0679
17.8000 0.3400 0.0761
17.8000 0.3600 0.0847
17.8000 0.3800 0.0938
17.8000 0.4000 0.1034
17.8000 0.4200 0.1134
17.8000 0.4400 0.1239
17.8000 0.4600 0.1349
17.8000 0.4800 0.1464
17.8000 0.5000 0.1583
17.8000 0.5200 0.1708
17.8000 0.5400 0.1837
17.8000 0.5600 0.1970
17.8000 0.5800 0.2109
18.0000 0.1600 0.0200
18.0000 0.1800 0.0243
18.0000 0.2000 0.0291
18.0000 0.2200 0.0344
18.0000 0.2400 0.0402
18.0000 0.2600 0.0464
18.0000 0.2800 0.0532
18.0000 0.3000 0.0604
18.0000 0.3200 0.0681
18.0000 0.3400 0.0762
18.0000 0.3600 0.0849
18.0000 0.3800 0.0940
18.0000 0.4000 0.1036
18.0000 0.4200 0.1137
18.0000 0.4400 0.1242
18.0000 0.4600 0.1353
18.0000 0.4800 0.1468
18.0000 0.5000 0.1588
18.0000 0.5200 0.1713
18.0000 0.5400 0.1842
18.0000 0.5600 0.1977
18.0000 0.5800 0.2116
18.2000 0.1600 0.0199
18.2000 0.1800 0.0243
18.2000 0.2000 0.0291
18.2000 0.2200 0.0344
18.2000 0.2400 0.0402
18.2000 0.2600 0.0465
18.2000 0.2800 0.0532
18.2000 0.3000 0.0605
18.2000 0.3200 0.0682
18.2000 0.3400 0.0764
18.2000 0.3600 0.0851
18.2000 0.3800 0.0942
18.2000 0.4000 0.1039
18.2000 0.4200 0.1140
18.2000 0.4400 0.1246
18.2000 0.4600 0.1357
18.2000 0.4800 0.1472
18.2000 0.5000 0.1593
18.2000 0.5200 0.1718
18.2000 0.5400 0.1848
18.2000 0.5600 0.1983
18.2000 0.5800 0.2123
18.4000 0.1600 0.0199
18.4000 0.1800 0.0242
18.4000 0.2000 0.0291
18.4000 0.2200 0.0344
18.4000 0.2400 0.0402
18.4000 0.2600 0.0465
18.4000 0.2800 0.0533
18.4000 0.3000 0.0606
18.4000 0.3200 0.0683
18.4000 0.3400 0.0765
18.4000 0.3600 0.0853
18.4000 0.3800 0.0945
18.4000 0.4000 0.1041
18.4000 0.4200 0.1143
18.4000 0.4400 0.1249
18.4000 0.4600 0.1361
18.4000 0.4800 0.1477
18.4000 0.5000 0.1598
18.4000 0.5200 0.1724
18.4000 0.5400 0.1855
18.4000 0.5600 0.1990
18.4000 0.5800 0.2131
18.6000 0.1600 0.0198
18.6000 0.1800 0.0242
18.6000 0.2000 0.0291
18.6000 0.2200 0.0344
18.6000 0.2400 0.0402
18.6000 0.2600 0.0466
18.6000 0.2800 0.0534
18.6000 0.3000 0.0607
18.6000 0.3200 0.0684
18.6000 0.3400 0.0767
18.6000 0.3600 0.0854
18.6000 0.3800 0.0947
18.6000 0.4000 0.1044
18.6000 0.4200 0.1146
18.6000 0.4400 0.1253
18.6000 0.4600 0.1365
18.6000 0.4800 0.1481
18.6000 0.5000 0.1603
18.6000 0.5200 0.1729
18.6000 0.5400 0.1861
18.6000 0.5600 0.1997
18.6000 0.5800 0.2138
18.8000 0.1600 0.0198
18.8000 0.1800 0.0242
18.8000 0.2000 0.0290
18.8000 0.2200 0.0344
18.8000 0.2400 0.0403
18.8000 0.2600 0.0466
18.8000 0.2800 0.0534
18.8000 0.3000 0.0608
18.8000 0.3200 0.0686
18.8000 0.3400 0.0769
18.8000 0.3600 0.0856
18.8000 0.3800 0.0949
18.8000 0.4000 0.1047
18.8000 0.4200 0.1149
18.8000 0.4400 0.1256
18.8000 0.4600 0.1369
18.8000 0.4800 0.1486
18.8000 0.5000 0.1608
18.8000 0.5200 0.1735
18.8000 0.5400 0.1867
18.8000 0.5600 0.2003
18.8000 0.5800 0.2145
19.0000 0.1600 0.0197
19.0000 0.1800 0.0241
19.0000 0.2000 0.0290
19.0000 0.2200 0.0344
19.0000 0.2400 0.0403
19.0000 0.2600 0.0467
19.0000 0.2800 0.0535
19.0000 0.3000 0.0609
19.0000 0.3200 0.0687
19.0000 0.3400 0.0770
19.0000 0.3600 0.0858
19.0000 0.3800 0.0951
19.0000 0.4000 0.1049
19.0000 0.4200 0.1152
19.0000 0.4400 0.1260
19.0000 0.4600 0.1373
19.0000 0.4800 0.1490
19.0000 0.5000 0.1613
19.0000 0.5200 0.1740
19.0000 0.5400 0.1873
19.0000 0.5600 0.2010
19.0000 0.5800 0.2153
19.2000 0.1600 0.0197
19.2000 0.1800 0.0241
19.2000 0.2000 0.0290
19.2000 0.2200 0.0344
19.2000 0.2400 0.0403
19.2000 0.2600 0.0467
19.2000 0.2800 0.0536
19.2000 0.3000 0.0610
19.2000 0.3200 0.0688
19.2000 0.3400 0.0772
19.2000 0.3600 0.0860
19.2000 0.3800 0.0954
19.2000 0.4000 0.1052
19.2000 0.4200 0.1155
19.2000 0.4400 0.1264
19.2000 0.4600 0.1377
19.2000 0.4800 0.1495
19.2000 0.5000 0.1618
19.2000 0.5200 0.1746
19.2000 0.5400 0.1879
19.2000 0.5600 0.2017
19.2000 0.5800 0.2160
19.4000 0.1600 0.0197
19.4000 0.1800 0.0241
19.4000 0.2000 0.0290
19.4000 0.2200 0.0344
19.4000 0.2400 0.0403
19.4000 0.2600 0.0467
19.4000 0.2800 0.0537
19.4000 0.3000 0.0610
19.4000 0.3200 0.0689
19.4000 0.3400 0.0773
19.4000 0.3600 0.0862
19.4000 0.3800 0.0956
19.4000 0.4000 0.1055
19.4000 0.4200 0.1158
19.4000 0.4400 0.1267
19.4000 0.4600 0.1381
19.4000 0.4800 0.1499
19.4000 0.5000 0.1623
19.4000 0.5200 0.1752
19.4000 0.5400 0.1885
19.4000 0.5600 0.2024
19.4000 0.5800 0.2168
19.6000 0.1600 0.0196
19.6000 0.1800 0.0241
19.6000 0.2000 0.0290
19.6000 0.2200 0.0344
19.6000 0.2400 0.0404
19.6000 0.2600 0.0468
19.6000 0.2800 0.0537
19.6000 0.3000 0.0612
19.6000 0.3200 0.0691
19.6000 0.3400 0.0775
19.6000 0.3600 0.0864
19.6000 0.3800 0.0958
19.6000 0.4000 0.1057
19.6000 0.4200 0.1162
19.6000 0.4400 0.1271
19.6000 0.4600 0.1385
19.6000 0.4800 0.1504
19.6000 0.5000 0.1628
19.6000 0.5200 0.1757
19.6000 0.5400 0.1892
19.6000 0.5600 0.2031
19.6000 0.5800 0.2175
19.8000 0.1600 0.0196
19.8000 0.1800 0.0240
19.8000 0.2000 0.0290
19.8000 0.2200 0.0344
19.8000 0.2400 0.0404
19.8000 0.2600 0.0468
19.8000 0.2800 0.0538
19.8000 0.3000 0.0613
19.8000 0.3200 0.0692
19.8000 0.3400 0.0777
19.8000 0.3600 0.0866
19.8000 0.3800 0.0961
19.8000 0.4000 0.1060
19.8000 0.4200 0.1165
19.8000 0.4400 0.1274
19.8000 0.4600 0.1389
19.8000 0.4800 0.1509
19.8000 0.5000 0.1633
19.8000 0.5200 0.1763
19.8000 0.5400 0.1898
19.8000 0.5600 0.2038
19.8000 0.5800 0.2183
20.0000 0.1600 0.0195
20.0000 0.1800 0.0240
20.0000 0.2000 0.0290
20.0000 0.2200 0.0344
20.0000 0.2400 0.0404
20.0000 0.2600 0.0469
20.0000 0.2800 0.0539
20.0000 0.3000 0.0614
20.0000 0.3200 0.0693
20.0000 0.3400 0.0778
20.0000 0.3600 0.0868
20.0000 0.3800 0.0963
20.0000 0.4000 0.1063
20.0000 0.4200 0.1168
20.0000 0.4400 0.1278
20.0000 0.4600 0.1393
20.0000 0.4800 0.1513
20.0000 0.5000 0.1639
20.0000 0.5200 0.1769
20.0000 0.5400 0.1904
20.0000 0.5600 0.2045
20.0000 0.5800 0.2190
20.2000 0.1600 0.0195
20.2000 0.1800 0.0240
20.2000 0.2000 0.0290
20.2000 0.2200 0.0345
20.2000 0.2400 0.0405
20.2000 0.2600 0.0470
20.2000 0.2800 0.0540
20.2000 0.3000 0.0615
20.2000 0.3200 0.0695
20.2000 0.3400 0.0780
20.2000 0.3600 0.0870
20.2000 0.3800 0.0965
20.2000 0.4000 0.1066
20.2000 0.4200 0.1171
20.2000 0.4400 0.1282
20.2000 0.4600 0.1397
20.2000 0.4800 0.1518
20.2000 0.5000 0.1644
20.2000 0.5200 0.1775
20.2000 0.5400 0.1911
20.2000 0.5600 0.2052
20.2000 0.5800 0.2198
20.4000 0.1600 0.0195
20.4000 0.1800 0.0240
20.4000 0.2000 0.0290
20.4000 0.2200 0.0345
20.4000 0.2400 0.0405
20.4000 0.2600 0.0470
20.4000 0.2800 0.0540
20.4000 0.3000 0.0616
20.4000 0.3200 0.0696
20.4000 0.3400 0.0782
20.4000 0.3600 0.0872
20.4000 0.3800 0.0968
20.4000 0.4000 0.1069
20.4000 0.4200 0.1175
20.4000 0.4400 0.1286
20.4000 0.4600 0.1402
20.4000 0.4800 0.1523
20.4000 0.5000 0.1649
20.4000 0.5200 0.1781
20.4000 0.5400 0.1917
20.4000 0.5600 0.2059
20.4000 0.5800 0.2206
20.6000 0.1600 0.0194
20.6000 0.1800 0.0239
20.6000 0.2000 0.0289
20.6000 0.2200 0.0345
20.6000 0.2400 0.0405
20.6000 0.2600 0.0471
20.6000 0.2800 0.0541
20.6000 0.3000 0.0617
20.6000 0.3200 0.0697
20.6000 0.3400 0.0783
20.6000 0.3600 0.0874
20.6000 0.3800 0.0970
20.6000 0.4000 0.1072
20.6000 0.4200 0.1178
20.6000 0.4400 0.1289
20.6000 0.4600 0.1406
20.6000 0.4800 0.1528
20.6000 0.5000 0.1655
20.6000 0.5200 0.1787
20.6000 0.5400 0.1924
20.6000 0.5600 0.2066
20.6000 0.5800 0.2214
20.8000 0.1600 0.0194
20.8000 0.1800 0.0239
20.8000 0.2000 0.0289
20.8000 0.2200 0.0345
20.8000 0.2400 0.0405
20.8000 0.2600 0.0471
20.8000 0.2800 0.0542
20.8000 0.3000 0.0618
20.8000 0.3200 0.0699
20.8000 0.3400 0.0785
20.8000 0.3600 0.0876
20.8000 0.3800 0.0973
20.8000 0.4000 0.1074
20.8000 0.4200 0.1181
20.8000 0.4400 0.1293
20.8000 0.4600 0.1410
20.8000 0.4800 0.1533
20.8000 0.5000 0.1660
20.8000 0.5200 0.1793
20.8000 0.5400 0.1931
20.8000 0.5600 0.2074
20.8000 0.5800 0.2222
21.0000 0.1600 0.0194
21.0000 0.1800 0.0239
21.0000 0.2000 0.0289
21.0000 0.2200 0.0345
21.0000 0.2400 0.0406
21.0000 0.2600 0.0472
21.0000 0.2800 0.0543
21.0000 0.3000 0.0619
21.0000 0.3200 0.0700
21.0000 0.3400 0.0787
21.0000 0.3600 0.0878
21.0000 0.3800 0.0975
21.0000 0.4000 0.1077
21.0000 0.4200 0.1185
21.0000 0.4400 0.1297
21.0000 0.4600 0.1415
21.0000 0.4800 0.1537
21.0000 0.5000 0.1665
21.0000 0.5200 0.1799
21.0000 0.5400 0.1937
21.0000 0.5600 0.2081
21.0000 0.5800 0.2230
21.2000 0.1600 0.0193
21.2000 0.1800 0.0239
21.2000 0.2000 0.0289
21.2000 0.2200 0.0345
21.2000 0.2400 0.0406
21.2000 0.2600 0.0472
21.2000 0.2800 0.0543
21.2000 0.3000 0.0620
21.2000 0.3200 0.0702
21.2000 0.3400 0.0788
21.2000 0.3600 0.0880
21.2000 0.3800 0.0978
21.2000 0.4000 0.1080
21.2000 0.4200 0.1188
21.2000 0.4400 0.1301
21.2000 0.4600 0.1419
21.2000 0.4800 0.1542
21.2000 0.5000 0.1671
21.2000 0.5200 0.1805
21.2000 0.5400 0.1944
21.2000 0.5600 0.2088
21.2000 0.5800 0.2238
21.4000 0.1600 0.0193
21.4000 0.1800 0.0238
21.4000 0.2000 0.0289
21.4000 0.2200 0.0345
21.4000 0.2400 0.0406
21.4000 0.2600 0.0473
21.4000 0.2800 0.0544
21.4000 0.3000 0.0621
21.4000 0.3200 0.0703
21.4000 0.3400 0.0790
21.4000 0.3600 0.0883
21.4000 0.3800 0.0980
21.4000 0.4000 0.1083
21.4000 0.4200 0.1191
21.4000 0.4400 0.1305
21.4000 0.4600 0.1423
21.4000 0.4800 0.1547
21.4000 0.5000 0.1676
21.4000 0.5200 0.1811
21.4000 0.5400 0.1951
21.4000 0.5600 0.2096
21.4000 0.5800 0.2246
21.6000 0.1600 0.0193
21.6000 0.1800 0.0238
21.6000 0.2000 0.0289
21.6000 0.2200 0.0345
21.6000 0.2400 0.0407
21.6000 0.2600 0.0473
21.6000 0.2800 0.0545
21.6000 0.3000 0.0622
21.6000 0.3200 0.0704
21.6000 0.3400 0.0792
21.6000 0.3600 0.0885
21.6000 0.3800 0.0983
21.6000 0.4000 0.1086
21.6000 0.4200 0.1195
21.6000 0.4400 0.1309
21.6000 0.4600 0.1428
21.6000 0.4800 0.1552
21.6000 0.5000 0.1682
21.6000 0.5200 0.1817
21.6000 0.5400 0.1957
21.6000 0.5600 0.2103
21.6000 0.5800 0.2254
21.8000 0.1600 0.0192
21.8000 0.1800 0.0238
21.8000 0.2000 0.0289
21.8000 0.2200 0.0345
21.8000 0.2400 0.0407
21.8000 0.2600 0.0474
21.8000 0.2800 0.0546
21.8000 0.3000 0.0623
21.8000 0.3200 0.0706
21.8000 0.3400 0.0794
21.8000 0.3600 0.0887
21.8000 0.3800 0.0985
21.8000 0.4000 0.1089
21.8000 0.4200 0.1198
21.8000 0.4400 0.1312
21.8000 0.4600 0.1432
21.8000 0.4800 0.1557
21.8000 0.5000 0.1687
21.8000 0.5200 0.1823
21.8000 0.5400 0.1964
21.8000 0.5600 0.2110
21.8000 0.5800 0.2262
22.0000 0.1600 0.0192
22.0000 0.1800 0.0238
22.0000 0.2000 0.0289
22.0000 0.2200 0.0346
22.0000 0.2400 0.0407
22.0000 0.2600 0.0474
22.0000 0.2800 0.0547
22.0000 0.3000 0.0624
22.0000 0.3200 0.0707
22.0000 0.3400 0.0795
22.0000 0.3600 0.0889
22.0000 0.3800 0.0988
22.0000 0.4000 0.1092
22.0000 0.4200 0.1202
22.0000 0.4400 0.1316
22.0000 0.4600 0.1437
22.0000 0.4800 0.1562
22.0000 0.5000 0.1693
22.0000 0.5200 0.1829
22.0000 0.5400 0.1971
22.0000 0.5600 0.2118
22.0000 0.5800 0.2270
22.2000 0.1600 0.0192
22.2000 0.1800 0.0238
22.2000 0.2000 0.0289
22.2000 0.2200 0.0346
22.2000 0.2400 0.0408
22.2000 0.2600 0.0475
22.2000 0.2800 0.0548
22.2000 0.3000 0.0625
22.2000 0.3200 0.0709
22.2000 0.3400 0.0797
22.2000 0.3600 0.0891
22.2000 0.3800 0.0990
22.2000 0.4000 0.1095
22.2000 0.4200 0.1205
22.2000 0.4400 0.1320
22.2000 0.4600 0.1441
22.2000 0.4800 0.1567
22.2000 0.5000 0.1699
22.2000 0.5200 0.1836
22.2000 0.5400 0.1978
22.2000 0.5600 0.2126
22.2000 0.5800 0.2279
22.4000 0.1600 0.0191
22.4000 0.1800 0.0238
22.4000 0.2000 0.0289
22.4000 0.2200 0.0346
22.4000 0.2400 0.0408
22.4000 0.2600 0.0476
22.4000 0.2800 0.0548
22.4000 0.3000 0.0627
22.4000 0.3200 0.0710
22.4000 0.3400 0.0799
22.4000 0.3600 0.0893
22.4000 0.3800 0.0993
22.4000 0.4000 0.1098
22.4000 0.4200 0.1208
22.4000 0.4400 0.1324
22.4000 0.4600 0.1446
22.4000 0.4800 0.1572
22.4000 0.5000 0.1704
22.4000 0.5200 0.1842
22.4000 0.5400 0.1985
22.4000 0.5600 0.2133
22.4000 0.5800 0.2287
22.6000 0.1600 0.0191
22.6000 0.1800 0.0237
22.6000 0.2000 0.0289
22.6000 0.2200 0.0346
22.6000 0.2400 0.0408
22.6000 0.2600 0.0476
22.6000 0.2800 0.0549
22.6000 0.3000 0.0628
22.6000 0.3200 0.0712
22.6000 0.3400 0.0801
22.6000 0.3600 0.0895
22.6000 0.3800 0.0996
22.6000 0.4000 0.1101
22.6000 0.4200 0.1212
22.6000 0.4400 0.1328
22.6000 0.4600 0.1450
22.6000 0.4800 0.1577
22.6000 0.5000 0.1710
22.6000 0.5200 0.1848
22.6000 0.5400 0.1992
22.6000 0.5600 0.2141
22.6000 0.5800 0.2295
22.8000 0.1600 0.0191
22.8000 0.1800 0.0237
22.8000 0.2000 0.0289
22.8000 0.2200 0.0346
22.8000 0.2400 0.0409
22.8000 0.2600 0.0477
22.8000 0.2800 0.0550
22.8000 0.3000 0.0629
22.8000 0.3200 0.0713
22.8000 0.3400 0.0803
22.8000 0.3600 0.0898
22.8000 0.3800 0.0998
22.8000 0.4000 0.1104
22.8000 0.4200 0.1215
22.8000 0.4400 0.1332
22.8000 0.4600 0.1455
22.8000 0.4800 0.1582
22.8000 0.5000 0.1716
22.8000 0.5200 0.1854
22.8000 0.5400 0.1999
22.8000 0.5600 0.2148
22.8000 0.5800 0.2304
23.0000 0.1600 0.0190
23.0000 0.1800 0.0237
23.0000 0.2000 0.0289
23.0000 0.2200 0.0346
23.0000 0.2400 0.0409
23.0000 0.2600 0.0477
23.0000 0.2800 0.0551
23.0000 0.3000 0.0630
23.0000 0.3200 0.0714
23.0000 0.3400 0.0804
23.0000 0.3600 0.0900
23.0000 0.3800 0.1001
23.0000 0.4000 0.1107
23.0000 0.4200 0.1219
23.0000 0.4400 0.1336
23.0000 0.4600 0.1459
23.0000 0.4800 0.1588
23.0000 0.5000 0.1721
23.0000 0.5200 0.1861
23.0000 0.5400 0.2006
23.0000 0.5600 0.2156
23.0000 0.5800 0.2312
23.2000 0.1600 0.0190
23.2000 0.1800 0.0237
23.2000 0.2000 0.0289
23.2000 0.2200 0.0346
23.2000 0.2400 0.0409
23.2000 0.2600 0.0478
23.2000 0.2800 0.0552
23.2000 0.3000 0.0631
23.2000 0.3200 0.0716
23.2000 0.3400 0.0806
23.2000 0.3600 0.0902
23.2000 0.3800 0.1003
23.2000 0.4000 0.1110
23.2000 0.4200 0.1223
23.2000 0.4400 0.1340
23.2000 0.4600 0.1464
23.2000 0.4800 0.1593
23.2000 0.5000 0.1727
23.2000 0.5200 0.1867
23.2000 0.5400 0.2013
23.2000 0.5600 0.2164
23.2000 0.5800 0.2321
23.4000 0.1600 0.0190
23.4000 0.1800 0.0237
23.4000 0.2000 0.0289
23.4000 0.2200 0.0347
23.4000 0.2400 0.0410
23.4000 0.2600 0.0478
23.4000 0.2800 0.0553
23.4000 0.3000 0.0632
23.4000 0.3200 0.0717
23.4000 0.3400 0.0808
23.4000 0.3600 0.0904
23.4000 0.3800 0.1006
23.4000 0.4000 0.1113
23.4000 0.4200 0.1226
23.4000 0.4400 0.1344
23.4000 0.4600 0.1468
23.4000 0.4800 0.1598
23.4000 0.5000 0.1733
23.4000 0.5200 0.1874
23.4000 0.5400 0.2020
23.4000 0.5600 0.2172
23.4000 0.5800 0.2329
23.6000 0.1600 0.0190
23.6000 0.1800 0.0237
23.6000 0.2000 0.0289
23.6000 0.2200 0.0347
23.6000 0.2400 0.0410
23.6000 0.2600 0.0479
23.6000 0.2800 0.0554
23.6000 0.3000 0.0633
23.6000 0.3200 0.0719
23.6000 0.3400 0.0810
23.6000 0.3600 0.0906
23.6000 0.3800 0.1009
23.6000 0.4000 0.1116
23.6000 0.4200 0.1230
23.6000 0.4400 0.1349
23.6000 0.4600 0.1473
23.6000 0.4800 0.1603
23.6000 0.5000 0.1739
23.6000 0.5200 0.1880
23.6000 0.5400 0.2027
23.6000 0.5600 0.2180
23.6000 0.5800 0.2338
23.8000 0.1600 0.0189
23.8000 0.1800 0.0236
23.8000 0.2000 0.0289
23.8000 0.2200 0.0347
23.8000 0.2400 0.0411
23.8000 0.2600 0.0480
23.8000 0.2800 0.0554
23.8000 0.3000 0.0635
23.8000 0.3200 0.0720
23.8000 0.3400 0.0812
23.8000 0.3600 0.0909
23.8000 0.3800 0.1011
23.8000 0.4000 0.1119
23.8000 0.4200 0.1233
23.8000 0.4400 0.1353
23.8000 0.4600 0.1478
23.8000 0.4800 0.1608
23.8000 0.5000 0.1745
23.8000 0.5200 0.1887
23.8000 0.5400 0.2034
23.8000 0.5600 0.2187
23.8000 0.5800 0.2346
24.0000 0.1600 0.0189
24.0000 0.1800 0.0236
24.0000 0.2000 0.0289
24.0000 0.2200 0.0347
24.0000 0.2400 0.0411
24.0000 0.2600 0.0480
24.0000 0.2800 0.0555
24.0000 0.3000 0.0636
24.0000 0.3200 0.0722
24.0000 0.3400 0.0814
24.0000 0.3600 0.0911
24.0000 0.3800 0.1014
24.0000 0.4000 0.1123
24.0000 0.4200 0.1237
24.0000 0.4400 0.1357
24.0000 0.4600 0.1482
24.0000 0.4800 0.1614
24.0000 0.5000 0.1750
24.0000 0.5200 0.1893
24.0000 0.5400 0.2041
24.0000 0.5600 0.2195
24.0000 0.5800 0.2355
24.2000 0.1600 0.0189
24.2000 0.1800 0.0236
24.2000 0.2000 0.0289
24.2000 0.2200 0.0347
24.2000 0.2400 0.0411
24.2000 0.2600 0.0481
24.2000 0.2800 0.0556
24.2000 0.3000 0.0637
24.2000 0.3200 0.0723
24.2000 0.3400 0.0816
24.2000 0.3600 0.0913
24.2000 0.3800 0.1017
24.2000 0.4000 0.1126
24.2000 0.4200 0.1240
24.2000 0.4400 0.1361
24.2000 0.4600 0.1487
24.2000 0.4800 0.1619
24.2000 0.5000 0.1756
24.2000 0.5200 0.1900
24.2000 0.5400 0.2049
24.2000 0.5600 0.2203
24.2000 0.5800 0.2364
24.4000 0.1600 0.0189
24.4000 0.1800 0.0236
24.4000 0.2000 0.0289
24.4000 0.2200 0.0348
24.4000 0.2400 0.0412
24.4000 0.2600 0.0482
24.4000 0.2800 0.0557
24.4000 0.3000 0.0638
24.4000 0.3200 0.0725
24.4000 0.3400 0.0817
24.4000 0.3600 0.0916
24.4000 0.3800 0.1019
24.4000 0.4000 0.1129
24.4000 0.4200 0.1244
24.4000 0.4400 0.1365
24.4000 0.4600 0.1492
24.4000 0.4800 0.1624
24.4000 0.5000 0.1762
24.4000 0.5200 0.1906
24.4000 0.5400 0.2056
24.4000 0.5600 0.2211
24.4000 0.5800 0.2372
24.6000 0.1600 0.0188
24.6000 0.1800 0.0236
24.6000 0.2000 0.0289
24.6000 0.2200 0.0348
24.6000 0.2400 0.0412
24.6000 0.2600 0.0482
24.6000 0.2800 0.0558
24.6000 0.3000 0.0639
24.6000 0.3200 0.0726
24.6000 0.3400 0.0819
24.6000 0.3600 0.0918
24.6000 0.3800 0.1022
24.6000 0.4000 0.1132
24.6000 0.4200 0.1248
24.6000 0.4400 0.1369
24.6000 0.4600 0.1496
24.6000 0.4800 0.1629
24.6000 0.5000 0.1768
24.6000 0.5200 0.1913
24.6000 0.5400 0.2063
24.6000 0.5600 0.2219
24.6000 0.5800 0.2381
24.8000 0.1600 0.0188
24.8000 0.1800 0.0236
24.8000 0.2000 0.0289
24.8000 0.2200 0.0348
24.8000 0.2400 0.0413
24.8000 0.2600 0.0483
24.8000 0.2800 0.0559
24.8000 0.3000 0.0641
24.8000 0.3200 0.0728
24.8000 0.3400 0.0821
24.8000 0.3600 0.0920
24.8000 0.3800 0.1025
24.8000 0.4000 0.1135
24.8000 0.4200 0.1251
24.8000 0.4400 0.1373
24.8000 0.4600 0.1501
24.8000 0.4800 0.1635
24.8000 0.5000 0.1774
24.8000 0.5200 0.1920
24.8000 0.5400 0.2071
24.8000 0.5600 0.2227
24.8000 0.5800 0.2390
25.0000 0.1600 0.0188
25.0000 0.1800 0.0236
25.0000 0.2000 0.0289
25.0000 0.2200 0.0348
25.0000 0.2400 0.0413
25.0000 0.2600 0.0484
25.0000 0.2800 0.0560
25.0000 0.3000 0.0642
25.0000 0.3200 0.0730
25.0000 0.3400 0.0823
25.0000 0.3600 0.0922
25.0000 0.3800 0.1028
25.0000 0.4000 0.1138
25.0000 0.4200 0.1255
25.0000 0.4400 0.1378
25.0000 0.4600 0.1506
25.0000 0.4800 0.1640
25.0000 0.5000 0.1780
25.0000 0.5200 0.1926
25.0000 0.5400 0.2078
25.0000 0.5600 0.2235
25.0000 0.5800 0.2399
25.2000 0.1600 0.0188
25.2000 0.1800 0.0236
25.2000 0.2000 0.0289
25.2000 0.2200 0.0348
25.2000 0.2400 0.0413
25.2000 0.2600 0.0484
25.2000 0.2800 0.0561
25.2000 0.3000 0.0643
25.2000 0.3200 0.0731
25.2000 0.3400 0.0825
25.2000 0.3600 0.0925
25.2000 0.3800 0.1030
25.2000 0.4000 0.1142
25.2000 0.4200 0.1259
25.2000 0.4400 0.1382
25.2000 0.4600 0.1511
25.2000 0.4800 0.1646
25.2000 0.5000 0.1786
25.2000 0.5200 0.1933
25.2000 0.5400 0.2085
25.2000 0.5600 0.2244
25.2000 0.5800 0.2408
25.4000 0.1600 0.0187
25.4000 0.1800 0.0235
25.4000 0.2000 0.0289
25.4000 0.2200 0.0349
25.4000 0.2400 0.0414
25.4000 0.2600 0.0485
25.4000 0.2800 0.0562
25.4000 0.3000 0.0644
25.4000 0.3200 0.0733
25.4000 0.3400 0.0827
25.4000 0.3600 0.0927
25.4000 0.3800 0.1033
25.4000 0.4000 0.1145
25.4000 0.4200 0.1262
25.4000 0.4400 0.1386
25.4000 0.4600 0.1516
25.4000 0.4800 0.1651
25.4000 0.5000 0.1792
25.4000 0.5200 0.1939
25.4000 0.5400 0.2093
25.4000 0.5600 0.2252
25.4000 0.5800 0.2417
25.6000 0.1600 0.0187
25.6000 0.1800 0.0235
25.6000 0.2000 0.0289
25.6000 0.2200 0.0349
25.6000 0.2400 0.0414
25.6000 0.2600 0.0485
25.6000 0.2800 0.0563
25.6000 0.3000 0.0645
25.6000 0.3200 0.0734
25.6000 0.3400 0.0829
25.6000 0.3600 0.0929
25.6000 0.3800 0.1036
25.6000 0.4000 0.1148
25.6000 0.4200 0.1266
25.6000 0.4400 0.1390
25.6000 0.4600 0.1520
25.6000 0.4800 0.1656
25.6000 0.5000 0.1798
25.6000 0.5200 0.1946
25.6000 0.5400 0.2100
25.6000 0.5600 0.2260
25.6000 0.5800 0.2426
25.8000 0.1600 0.0187
25.8000 0.1800 0.0235
25.8000 0.2000 0.0289
25.8000 0.2200 0.0349
25.8000 0.2400 0.0415
25.8000 0.2600 0.0486
25.8000 0.2800 0.0563
25.8000 0.3000 0.0647
25.8000 0.3200 0.0736
25.8000 0.3400 0.0831
25.8000 0.3600 0.0932
25.8000 0.3800 0.1038
25.8000 0.4000 0.1151
25.8000 0.4200 0.1270
25.8000 0.4400 0.1395
25.8000 0.4600 0.1525
25.8000 0.4800 0.1662
25.8000 0.5000 0.1804
25.8000 0.5200 0.1953
25.8000 0.5400 0.2107
25.8000 0.5600 0.2268
25.8000 0.5800 0.2435
26.0000 0.1600 0.0187
26.0000 0.1800 0.0235
26.0000 0.2000 0.0289
26.0000 0.2200 0.0349
26.0000 0.2400 0.0415
26.0000 0.2600 0.0487
26.0000 0.2800 0.0564
26.0000 0.3000 0.0648
26.0000 0.3200 0.0737
26.0000 0.3400 0.0833
26.0000 0.3600 0.0934
26.0000 0.3800 0.1041
26.0000 0.4000 0.1155
26.0000 0.4200 0.1274
26.0000 0.4400 0.1399
26.0000 0.4600 0.1530
26.0000 0.4800 0.1667
26.0000 0.5000 0.1811
26.0000 0.5200 0.1960
26.0000 0.5400 0.2115
26.0000 0.5600 0.2276
26.0000 0.5800 0.2444
26.2000 0.1600 0.0187
26.2000 0.1800 0.0235
26.2000 0.2000 0.0289
26.2000 0.2200 0.0349
26.2000 0.2400 0.0415
26.2000 0.2600 0.0487
26.2000 0.2800 0.0565
26.2000 0.3000 0.0649
26.2000 0.3200 0.0739
26.2000 0.3400 0.0835
26.2000 0.3600 0.0936
26.2000 0.3800 0.1044
26.2000 0.4000 0.1158
26.2000 0.4200 0.1278
26.2000 0.4400 0.1403
26.2000 0.4600 0.1535
26.2000 0.4800 0.1673
26.2000 0.5000 0.1817
26.2000 0.5200 0.1967
26.2000 0.5400 0.2123
26.2000 0.5600 0.2285
26.2000 0.5800 0.2453
26.4000 0.1600 0.0186
26.4000 0.1800 0.0235
26.4000 0.2000 0.0289
26.4000 0.2200 0.0350
26.4000 0.2400 0.0416
26.4000 0.2600 0.0488
26.4000 0.2800 0.0566
26.4000 0.3000 0.0650
26.4000 0.3200 0.0740
26.4000 0.3400 0.0837
26.4000 0.3600 0.0939
26.4000 0.3800 0.1047
26.4000 0.4000 0.1161
26.4000 0.4200 0.1281
26.4000 0.4400 0.1408
26.4000 0.4600 0.1540
26.4000 0.4800 0.1678
26.4000 0.5000 0.1823
26.4000 0.5200 0.1973
26.4000 0.5400 0.2130
26.4000 0.5600 0.2293
26.4000 0.5800 0.2462
26.6000 0.1600 0.0186
26.6000 0.1800 0.0235
26.6000 0.2000 0.0289
26.6000 0.2200 0.0350
26.6000 0.2400 0.0416
26.6000 0.2600 0.0489
26.6000 0.2800 0.0567
26.6000 0.3000 0.0652
26.6000 0.3200 0.0742
26.6000 0.3400 0.0839
26.6000 0.3600 0.0941
26.6000 0.3800 0.1050
26.6000 0.4000 0.1164
26.6000 0.4200 0.1285
26.6000 0.4400 0.1412
26.6000 0.4600 0.1545
26.6000 0.4800 0.1684
26.6000 0.5000 0.1829
26.6000 0.5200 0.1980
26.6000 0.5400 0.2138
26.6000 0.5600 0.2301
26.6000 0.5800 0.2471
26.8000 0.1600 0.0186
26.8000 0.1800 0.0235
26.8000 0.2000 0.0289
26.8000 0.2200 0.0350
26.8000 0.2400 0.0417
26.8000 0.2600 0.0489
26.8000 0.2800 0.0568
26.8000 0.3000 0.0653
26.8000 0.3200 0.0744
26.8000 0.3400 0.0840
26.8000 0.3600 0.0943
26.8000 0.3800 0.1052
26.8000 0.4000 0.1168
26.8000 0.4200 0.1289
26.8000 0.4400 0.1416
26.8000 0.4600 0.1550
26.8000 0.4800 0.1689
26.8000 0.5000 0.1835
26.8000 0.5200 0.1987
26.8000 0.5400 0.2145
26.8000 0.5600 0.2309
26.8000 0.5800 0.2480
27.0000 0.1600 0.0186
27.0000 0.1800 0.0235
27.0000 0.2000 0.0290
27.0000 0.2200 0.0350
27.0000 0.2400 0.0417
27.0000 0.2600 0.0490
27.0000 0.2800 0.0569
27.0000 0.3000 0.0654
27.0000 0.3200 0.0745
27.0000 0.3400 0.0842
27.0000 0.3600 0.0946
27.0000 0.3800 0.1055
27.0000 0.4000 0.1171
27.0000 0.4200 0.1293
27.0000 0.4400 0.1420
27.0000 0.4600 0.1555
27.0000 0.4800 0.1695
27.0000 0.5000 0.1841
27.0000 0.5200 0.1994
27.0000 0.5400 0.2153
27.0000 0.5600 0.2318
27.0000 0.5800 0.2489
27.2000 0.1600 0.0186
27.2000 0.1800 0.0235
27.2000 0.2000 0.0290
27.2000 0.2200 0.0351
27.2000 0.2400 0.0418
27.2000 0.2600 0.0491
27.2000 0.2800 0.0570
27.2000 0.3000 0.0655
27.2000 0.3200 0.0747
27.2000 0.3400 0.0844
27.2000 0.3600 0.0948
27.2000 0.3800 0.1058
27.2000 0.4000 0.1174
27.2000 0.4200 0.1296
27.2000 0.4400 0.1425
27.2000 0.4600 0.1560
27.2000 0.4800 0.1700
27.2000 0.5000 0.1848
27.2000 0.5200 0.2001
27.2000 0.5400 0.2160
27.2000 0.5600 0.2326
27.2000 0.5800 0.2498
27.4000 0.1600 0.0185
27.4000 0.1800 0.0235
27.4000 0.2000 0.0290
27.4000 0.2200 0.0351
27.4000 0.2400 0.0418
27.4000 0.2600 0.0492
27.4000 0.2800 0.0571
27.4000 0.3000 0.0657
27.4000 0.3200 0.0748
27.4000 0.3400 0.0846
27.4000 0.3600 0.0951
27.4000 0.3800 0.1061
27.4000 0.4000 0.1177
27.4000 0.4200 0.1300
27.4000 0.4400 0.1429
27.4000 0.4600 0.1565
27.4000 0.4800 0.1706
27.4000 0.5000 0.1854
27.4000 0.5200 0.2008
27.4000 0.5400 0.2168
27.4000 0.5600 0.2335
27.4000 0.5800 0.2508
27.6000 0.1600 0.0185
27.6000 0.1800 0.0234
27.6000 0.2000 0.0290
27.6000 0.2200 0.0351
27.6000 0.2400 0.0419
27.6000 0.2600 0.0492
27.6000 0.2800 0.0572
27.6000 0.3000 0.0658
27.6000 0.3200 0.0750
27.6000 0.3400 0.0848
27.6000 0.3600 0.0953
27.6000 0.3800 0.1064
27.6000 0.4000 0.1181
27.6000 0.4200 0.1304
27.6000 0.4400 0.1434
27.6000 0.4600 0.1570
27.6000 0.4800 0.1712
27.6000 0.5000 0.1860
27.6000 0.5200 0.2015
27.6000 0.5400 0.2176
27.6000 0.5600 0.2343
27.6000 0.5800 0.2517
27.8000 0.1600 0.0185
27.8000 0.1800 0.0234
27.8000 0.2000 0.0290
27.8000 0.2200 0.0351
27.8000 0.2400 0.0419
27.8000 0.2600 0.0493
27.8000 0.2800 0.0573
27.8000 0.3000 0.0659
27.8000 0.3200 0.0752
27.8000 0.3400 0.0850
27.8000 0.3600 0.0955
27.8000 0.3800 0.1067
27.8000 0.4000 0.1184
27.8000 0.4200 0.1308
27.8000 0.4400 0.1438
27.8000 0.4600 0.1574
27.8000 0.4800 0.1717
27.8000 0.5000 0.1866
27.8000 0.5200 0.2022
27.8000 0.5400 0.2184
27.8000 0.5600 0.2352
27.8000 0.5800 0.2526
28.0000 0.1600 0.0185
28.0000 0.1800 0.0234
28.0000 0.2000 0.0290
28.0000 0.2200 0.0352
28.0000 0.2400 0.0420
28.0000 0.2600 0.0494
28.0000 0.2800 0.0574
28.0000 0.3000 0.0660
28.0000 0.3200 0.0753
28.0000 0.3400 0.0852
28.0000 0.3600 0.0958
28.0000 0.3800 0.1069
28.0000 0.4000 0.1187
28.0000 0.4200 0.1312
28.0000 0.4400 0.1442
28.0000 0.4600 0.1579
28.0000 0.4800 0.1723
28.0000 0.5000 0.1873
28.0000 0.5200 0.2029
28.0000 0.5400 0.2191
28.0000 0.5600 0.2360
28.0000 0.5800 0.2536
28.2000 0.1600 0.0185
28.2000 0.1800 0.0234
28.2000 0.2000 0.0290
28.2000 0.2200 0.0352
28.2000 0.2400 0.0420
28.2000 0.2600 0.0494
28.2000 0.2800 0.0575
28.2000 0.3000 0.0662
28.2000 0.3200 0.0755
28.2000 0.3400 0.0854
28.2000 0.3600 0.0960
28.2000 0.3800 0.1072
28.2000 0.4000 0.1191
28.2000 0.4200 0.1316
28.2000 0.4400 0.1447
28.2000 0.4600 0.1584
28.2000 0.4800 0.1728
28.2000 0.5000 0.1879
28.2000 0.5200 0.2036
28.2000 0.5400 0.2199
28.2000 0.5600 0.2369
28.2000 0.5800 0.2545
28.4000 0.1600 0.0185
28.4000 0.1800 0.0234
28.4000 0.2000 0.0290
28.4000 0.2200 0.0352
28.4000 0.2400 0.0420
28.4000 0.2600 0.0495
28.4000 0.2800 0.0576
28.4000 0.3000 0.0663
28.4000 0.3200 0.0757
28.4000 0.3400 0.0856
28.4000 0.3600 0.0963
28.4000 0.3800 0.1075
28.4000 0.4000 0.1194
28.4000 0.4200 0.1319
28.4000 0.4400 0.1451
28.4000 0.4600 0.1589
28.4000 0.4800 0.1734
28.4000 0.5000 0.1885
28.4000 0.5200 0.2043
28.4000 0.5400 0.2207
28.4000 0.5600 0.2377
28.4000 0.5800 0.2554
28.6000 0.1600 0.0184
28.6000 0.1800 0.0234
28.6000 0.2000 0.0290
28.6000 0.2200 0.0352
28.6000 0.2400 0.0421
28.6000 0.2600 0.0496
28.6000 0.2800 0.0577
28.6000 0.3000 0.0664
28.6000 0.3200 0.0758
28.6000 0.3400 0.0858
28.6000 0.3600 0.0965
28.6000 0.3800 0.1078
28.6000 0.4000 0.1197
28.6000 0.4200 0.1323
28.6000 0.4400 0.1456
28.6000 0.4600 0.1594
28.6000 0.4800 0.1740
28.6000 0.5000 0.1892
28.6000 0.5200 0.2050
28.6000 0.5400 0.2215
28.6000 0.5600 0.2386
28.6000 0.5800 0.2564
28.8000 0.1600 0.0184
28.8000 0.1800 0.0234
28.8000 0.2000 0.0290
28.8000 0.2200 0.0353
28.8000 0.2400 0.0421
28.8000 0.2600 0.0496
28.8000 0.2800 0.0578
28.8000 0.3000 0.0666
28.8000 0.3200 0.0760
28.8000 0.3400 0.0860
28.8000 0.3600 0.0967
28.8000 0.3800 0.1081
28.8000 0.4000 0.1201
28.8000 0.4200 0.1327
28.8000 0.4400 0.1460
28.8000 0.4600 0.1600
28.8000 0.4800 0.1745
28.8000 0.5000 0.1898
28.8000 0.5200 0.2057
28.8000 0.5400 0.2222
28.8000 0.5600 0.2394
28.8000 0.5800 0.2573
29.0000 0.1600 0.0184
29.0000 0.1800 0.0234
29.0000 0.2000 0.0290
29.0000 0.2200 0.0353
29.0000 0.2400 0.0422
29.0000 0.2600 0.0497
29.0000 0.2800 0.0579
29.0000 0.3000 0.0667
29.0000 0.3200 0.0761
29.0000 0.3400 0.0862
29.0000 0.3600 0.0970
29.0000 0.3800 0.1084
29.0000 0.4000 0.1204
29.0000 0.4200 0.1331
29.0000 0.4400 0.1465
29.0000 0.4600 0.1605
29.0000 0.4800 0.1751
29.0000 0.5000 0.1904
29.0000 0.5200 0.2064
29.0000 0.5400 0.2230
29.0000 0.5600 0.2403
29.0000 0.5800 0.2583
29.2000 0.1600 0.0184
29.2000 0.1800 0.0234
29.2000 0.2000 0.0290
29.2000 0.2200 0.0353
29.2000 0.2400 0.0422
29.2000 0.2600 0.0498
29.2000 0.2800 0.0580
29.2000 0.3000 0.0668
29.2000 0.3200 0.0763
29.2000 0.3400 0.0864
29.2000 0.3600 0.0972
29.2000 0.3800 0.1087
29.2000 0.4000 0.1208
29.2000 0.4200 0.1335
29.2000 0.4400 0.1469
29.2000 0.4600 0.1610
29.2000 0.4800 0.1757
29.2000 0.5000 0.1911
29.2000 0.5200 0.2071
29.2000 0.5400 0.2238
29.2000 0.5600 0.2412
29.2000 0.5800 0.2592
29.4000 0.1600 0.0184
29.4000 0.1800 0.0234
29.4000 0.2000 0.0291
29.4000 0.2200 0.0353
29.4000 0.2400 0.0423
29.4000 0.2600 0.0499
29.4000 0.2800 0.0581
29.4000 0.3000 0.0669
29.4000 0.3200 0.0765
29.4000 0.3400 0.0866
29.4000 0.3600 0.0975
29.4000 0.3800 0.1090
29.4000 0.4000 0.1211
29.4000 0.4200 0.1339
29.4000 0.4400 0.1473
29.4000 0.4600 0.1615
29.4000 0.4800 0.1763
29.4000 0.5000 0.1917
29.4000 0.5200 0.2078
29.4000 0.5400 0.2246
29.4000 0.5600 0.2420
29.4000 0.5800 0.2601
29.6000 0.1600 0.0184
29.6000 0.1800 0.0234
29.6000 0.2000 0.0291
29.6000 0.2200 0.0354
29.6000 0.2400 0.0423
29.6000 0.2600 0.0499
29.6000 0.2800 0.0582
29.6000 0.3000 0.0671
29.6000 0.3200 0.0766
29.6000 0.3400 0.0868
29.6000 0.3600 0.0977
29.6000 0.3800 0.1092
29.6000 0.4000 0.1214
29.6000 0.4200 0.1343
29.6000 0.4400 0.1478
29.6000 0.4600 0.1620
29.6000 0.4800 0.1768
29.6000 0.5000 0.1923
29.6000 0.5200 0.2085
29.6000 0.5400 0.2254
29.6000 0.5600 0.2429
29.6000 0.5800 0.2611
29.8000 0.1600 0.0184
29.8000 0.1800 0.0234
29.8000 0.2000 0.0291
29.8000 0.2200 0.0354
29.8000 0.2400 0.0424
29.8000 0.2600 0.0500
29.8000 0.2800 0.0583
29.8000 0.3000 0.0672
29.8000 0.3200 0.0768
29.8000 0.3400 0.0870
29.8000 0.3600 0.0980
29.8000 0.3800 0.1095
29.8000 0.4000 0.1218
29.8000 0.4200 0.1347
29.8000 0.4400 0.1482
29.8000 0.4600 0.1625
29.8000 0.4800 0.1774
29.8000 0.5000 0.1930
29.8000 0.5200 0.2092
29.8000 0.5400 0.2262
29.8000 0.5600 0.2438
29.8000 0.5800 0.2620
30.0000 0.1600 0.0183
30.0000 0.1800 0.0234
30.0000 0.2000 0.0291
30.0000 0.2200 0.0354
30.0000 0.2400 0.0424
30.0000 0.2600 0.0501
30.0000 0.2800 0.0584
30.0000 0.3000 0.0673
30.0000 0.3200 0.0770
30.0000 0.3400 0.0872
30.0000 0.3600 0.0982
30.0000 0.3800 0.1098
30.0000 0.4000 0.1221
30.0000 0.4200 0.1351
30.0000 0.4400 0.1487
30.0000 0.4600 0.1630
30.0000 0.4800 0.1780
30.0000 0.5000 0.1936
30.0000 0.5200 0.2100
30.0000 0.5400 0.2270
30.0000 0.5600 0.2446
30.0000 0.5800 0.2630
30.2000 0.1600 0.0183
30.2000 0.1800 0.0234
30.2000 0.2000 0.0291
30.2000 0.2200 0.0355
30.2000 0.2400 0.0425
30.2000 0.2600 0.0501
30.2000 0.2800 0.0585
30.2000 0.3000 0.0675
30.2000 0.3200 0.0771
30.2000 0.3400 0.0875
30.2000 0.3600 0.0984
30.2000 0.3800 0.1101
30.2000 0.4000 0.1224
30.2000 0.4200 0.1355
30.2000 0.4400 0.1491
30.2000 0.4600 0.1635
30.2000 0.4800 0.1786
30.2000 0.5000 0.1943
30.2000 0.5200 0.2107
30.2000 0.5400 0.2278
30.2000 0.5600 0.2455
30.2000 0.5800 0.2640
30.4000 0.1600 0.0183
30.4000 0.1800 0.0234
30.4000 0.2000 0.0291
30.4000 0.2200 0.0355
30.4000 0.2400 0.0425
30.4000 0.2600 0.0502
30.4000 0.2800 0.0586
30.4000 0.3000 0.0676
30.4000 0.3200 0.0773
30.4000 0.3400 0.0877
30.4000 0.3600 0.0987
30.4000 0.3800 0.1104
30.4000 0.4000 0.1228
30.4000 0.4200 0.1359
30.4000 0.4400 0.1496
30.4000 0.4600 0.1640
30.4000 0.4800 0.1791
30.4000 0.5000 0.1949
30.4000 0.5200 0.2114
30.4000 0.5400 0.2286
30.4000 0.5600 0.2464
30.4000 0.5800 0.2649
30.6000 0.1600 0.0183
30.6000 0.1800 0.0234
30.6000 0.2000 0.0291
30.6000 0.2200 0.0355
30.6000 0.2400 0.0426
30.6000 0.2600 0.0503
30.6000 0.2800 0.0587
30.6000 0.3000 0.0677
30.6000 0.3200 0.0775
30.6000 0.3400 0.0879
30.6000 0.3600 0.0989
30.6000 0.3800 0.1107
30.6000 0.4000 0.1231
30.6000 0.4200 0.1362
30.6000 0.4400 0.1500
30.6000 0.4600 0.1645
30.6000 0.4800 0.1797
30.6000 0.5000 0.1956
30.6000 0.5200 0.2121
30.6000 0.5400 0.2293
30.6000 0.5600 0.2473
30.6000 0.5800 0.2659
30.8000 0.1600 0.0183
30.8000 0.1800 0.0234
30.8000 0.2000 0.0291
30.8000 0.2200 0.0355
30.8000 0.2400 0.0426
30.8000 0.2600 0.0504
30.8000 0.2800 0.0588
30.8000 0.3000 0.0679
30.8000 0.3200 0.0776
30.8000 0.3400 0.0881
30.8000 0.3600 0.0992
30.8000 0.3800 0.1110
30.8000 0.4000 0.1235
30.8000 0.4200 0.1366
30.8000 0.4400 0.1505
30.8000 0.4600 0.1650
30.8000 0.4800 0.1803
30.8000 0.5000 0.1962
30.8000 0.5200 0.2128
30.8000 0.5400 0.2301
30.8000 0.5600 0.2481
30.8000 0.5800 0.2668
31.0000 0.1600 0.0183
31.0000 0.1800 0.0234
31.0000 0.2000 0.0291
31.0000 0.2200 0.0356
31.0000 0.2400 0.0427
31.0000 0.2600 0.0504
31.0000 0.2800 0.0589
31.0000 0.3000 0.0680
31.0000 0.3200 0.0778
31.0000 0.3400 0.0883
31.0000 0.3600 0.0994
31.0000 0.3800 0.1113
31.0000 0.4000 0.1238
31.0000 0.4200 0.1370
31.0000 0.4400 0.1509
31.0000 0.4600 0.1656
31.0000 0.4800 0.1809
31.0000 0.5000 0.1969
31.0000 0.5200 0.2135
31.0000 0.5400 0.2309
31.0000 0.5600 0.2490
31.0000 0.5800 0.2678
31.2000 0.1600 0.0183
31.2000 0.1800 0.0234
31.2000 0.2000 0.0292
31.2000 0.2200 0.0356
31.2000 0.2400 0.0427
31.2000 0.2600 0.0505
31.2000 0.2800 0.0590
31.2000 0.3000 0.0681
31.2000 0.3200 0.0780
31.2000 0.3400 0.0885
31.2000 0.3600 0.0997
31.2000 0.3800 0.1116
31.2000 0.4000 0.1241
31.2000 0.4200 0.1374
31.2000 0.4400 0.1514
31.2000 0.4600 0.1661
31.2000 0.4800 0.1814
31.2000 0.5000 0.1975
31.2000 0.5200 0.2143
31.2000 0.5400 0.2317
31.2000 0.5600 0.2499
31.2000 0.5800 0.2688
31.4000 0.1600 0.0183
31.4000 0.1800 0.0234
31.4000 0.2000 0.0292
31.4000 0.2200 0.0356
31.4000 0.2400 0.0428
31.4000 0.2600 0.0506
31.4000 0.2800 0.0591
31.4000 0.3000 0.0683
31.4000 0.3200 0.0781
31.4000 0.3400 0.0887
31.4000 0.3600 0.0999
31.4000 0.3800 0.1119
31.4000 0.4000 0.1245
31.4000 0.4200 0.1378
31.4000 0.4400 0.1519
31.4000 0.4600 0.1666
31.4000 0.4800 0.1820
31.4000 0.5000 0.1982
31.4000 0.5200 0.2150
31.4000 0.5400 0.2325
31.4000 0.5600 0.2508
31.4000 0.5800 0.2697
31.6000 0.1600 0.0182
31.6000 0.1800 0.0234
31.6000 0.2000 0.0292
31.6000 0.2200 0.0357
31.6000 0.2400 0.0428
31.6000 0.2600 0.0507
31.6000 0.2800 0.0592
31.6000 0.3000 0.0684
31.6000 0.3200 0.0783
31.6000 0.3400 0.0889
31.6000 0.3600 0.1002
31.6000 0.3800 0.1122
31.6000 0.4000 0.1248
31.6000 0.4200 0.1382
31.6000 0.4400 0.1523
31.6000 0.4600 0.1671
31.6000 0.4800 0.1826
31.6000 0.5000 0.1988
31.6000 0.5200 0.2157
31.6000 0.5400 0.2334
31.6000 0.5600 0.2517
31.6000 0.5800 0.2707
31.8000 0.1600 0.0182
31.8000 0.1800 0.0234
31.8000 0.2000 0.0292
31.8000 0.2200 0.0357
31.8000 0.2400 0.0429
31.8000 0.2600 0.0507
31.8000 0.2800 0.0593
31.8000 0.3000 0.0685
31.8000 0.3200 0.0785
31.8000 0.3400 0.0891
31.8000 0.3600 0.1004
31.8000 0.3800 0.1124
31.8000 0.4000 0.1252
31.8000 0.4200 0.1386
31.8000 0.4400 0.1528
31.8000 0.4600 0.1676
31.8000 0.4800 0.1832
31.8000 0.5000 0.1995
31.8000 0.5200 0.2165
31.8000 0.5400 0.2342
31.8000 0.5600 0.2526
31.8000 0.5800 0.2717
32.0000 0.1600 0.0182
32.0000 0.1800 0.0234
32.0000 0.2000 0.0292
32.0000 0.2200 0.0357
32.0000 0.2400 0.0429
32.0000 0.2600 0.0508
32.0000 0.2800 0.0594
32.0000 0.3000 0.0686
32.0000 0.3200 0.0786
32.0000 0.3400 0.0893
32.0000 0.3600 0.1007
32.0000 0.3800 0.1127
32.0000 0.4000 0.1255
32.0000 0.4200 0.1390
32.0000 0.4400 0.1532
32.0000 0.4600 0.1681
32.0000 0.4800 0.1838
32.0000 0.5000 0.2001
32.0000 0.5200 0.2172
32.0000 0.5400 0.2350
32.0000 0.5600 0.2535
32.0000 0.5800 0.2727
32.2000 0.1600 0.0182
32.2000 0.1800 0.0234
32.2000 0.2000 0.0292
32.2000 0.2200 0.0358
32.2000 0.2400 0.0430
32.2000 0.2600 0.0509
32.2000 0.2800 0.0595
32.2000 0.3000 0.0688
32.2000 0.3200 0.0788
32.2000 0.3400 0.0895
32.2000 0.3600 0.1009
32.2000 0.3800 0.1130
32.2000 0.4000 0.1259
32.2000 0.4200 0.1394
32.2000 0.4400 0.1537
32.2000 0.4600 0.1687
32.2000 0.4800 0.1843
32.2000 0.5000 0.2008
32.2000 0.5200 0.2179
32.2000 0.5400 0.2358
32.2000 0.5600 0.2543
32.2000 0.5800 0.2736
32.4000 0.1600 0.0182
32.4000 0.1800 0.0234
32.4000 0.2000 0.0292
32.4000 0.2200 0.0358
32.4000 0.2400 0.0430
32.4000 0.2600 0.0509
32.4000 0.2800 0.0596
32.4000 0.3000 0.0689
32.4000 0.3200 0.0790
32.4000 0.3400 0.0897
32.4000 0.3600 0.1012
32.4000 0.3800 0.1133
32.4000 0.4000 0.1262
32.4000 0.4200 0.1398
32.4000 0.4400 0.1541
32.4000 0.4600 0.1692
32.4000 0.4800 0.1849
32.4000 0.5000 0.2014
32.4000 0.5200 0.2186
32.4000 0.5400 0.2366
32.4000 0.5600 0.2552
32.4000 0.5800 0.2746
32.6000 0.1600 0.0182
32.6000 0.1800 0.0234
32.6000 0.2000 0.0293
32.6000 0.2200 0.0358
32.6000 0.2400 0.0431
32.6000 0.2600 0.0510
32.6000 0.2800 0.0597
32.6000 0.3000 0.0690
32.6000 0.3200 0.0791
32.6000 0.3400 0.0899
32.6000 0.3600 0.1014
32.6000 0.3800 0.1136
32.6000 0.4000 0.1265
32.6000 0.4200 0.1402
32.6000 0.4400 0.1546
32.6000 0.4600 0.1697
32.6000 0.4800 0.1855
32.6000 0.5000 0.2021
32.6000 0.5200 0.2194
32.6000 0.5400 0.2374
32.6000 0.5600 0.2561
32.6000 0.5800 0.2756
32.8000 0.1600 0.0182
32.8000 0.1800 0.0234
32.8000 0.2000 0.0293
32.8000 0.2200 0.0358
32.8000 0.2400 0.0431
32.8000 0.2600 0.0511
32.8000 0.2800 0.0598
32.8000 0.3000 0.0692
32.8000 0.3200 0.0793
32.8000 0.3400 0.0901
32.8000 0.3600 0.1016
32.8000 0.3800 0.1139
32.8000 0.4000 0.1269
32.8000 0.4200 0.1406
32.8000 0.4400 0.1550
32.8000 0.4600 0.1702
32.8000 0.4800 0.1861
32.8000 0.5000 0.2027
32.8000 0.5200 0.2201
32.8000 0.5400 0.2382
32.8000 0.5600 0.2570
32.8000 0.5800 0.2766
33.0000 0.1600 0.0182
33.0000 0.1800 0.0234
33.0000 0.2000 0.0293
33.0000 0.2200 0.0359
33.0000 0.2400 0.0432
33.0000 0.2600 0.0512
33.0000 0.2800 0.0599
33.0000 0.3000 0.0693
33.0000 0.3200 0.0795
33.0000 0.3400 0.0903
33.0000 0.3600 0.1019
33.0000 0.3800 0.1142
33.0000 0.4000 0.1272
33.0000 0.4200 0.1410
33.0000 0.4400 0.1555
33.0000 0.4600 0.1707
33.0000 0.4800 0.1867
33.0000 0.5000 0.2034
33.0000 0.5200 0.2208
33.0000 0.5400 0.2390
33.0000 0.5600 0.2579
33.0000 0.5800 0.2776
33.2000 0.1600 0.0182
33.2000 0.1800 0.0234
33.2000 0.2000 0.0293
33.2000 0.2200 0.0359
33.2000 0.2400 0.0432
33.2000 0.2600 0.0512
33.2000 0.2800 0.0600
33.2000 0.3000 0.0694
33.2000 0.3200 0.0796
33.2000 0.3400 0.0905
33.2000 0.3600 0.1021
33.2000 0.3800 0.1145
33.2000 0.4000 0.1276
33.2000 0.4200 0.1414
33.2000 0.4400 0.1560
33.2000 0.4600 0.1713
33.2000 0.4800 0.1873
33.2000 0.5000 0.2041
33.2000 0.5200 0.2216
33.2000 0.5400 0.2398
33.2000 0.5600 0.2588
33.2000 0.5800 0.2786
33.4000 0.1600 0.0182
33.4000 0.1800 0.0234
33.4000 0.2000 0.0293
33.4000 0.2200 0.0359
33.4000 0.2400 0.0433
33.4000 0.2600 0.0513
33.4000 0.2800 0.0601
33.4000 0.3000 0.0696
33.4000 0.3200 0.0798
33.4000 0.3400 0.0907
33.4000 0.3600 0.1024
33.4000 0.3800 0.1148
33.4000 0.4000 0.1279
33.4000 0.4200 0.1418
33.4000 0.4400 0.1564
33.4000 0.4600 0.1718
33.4000 0.4800 0.1879
33.4000 0.5000 0.2047
33.4000 0.5200 0.2223
33.4000 0.5400 0.2406
33.4000 0.5600 0.2597
33.4000 0.5800 0.2795
33.6000 0.1600 0.0182
33.6000 0.1800 0.0234
33.6000 0.2000 0.0293
33.6000 0.2200 0.0360
33.6000 0.2400 0.0433
33.6000 0.2600 0.0514
33.6000 0.2800 0.0602
33.6000 0.3000 0.0697
33.6000 0.3200 0.0800
33.6000 0.3400 0.0909
33.6000 0.3600 0.1026
33.6000 0.3800 0.1151
33.6000 0.4000 0.1283
33.6000 0.4200 0.1422
33.6000 0.4400 0.1569
33.6000 0.4600 0.1723
33.6000 0.4800 0.1884
33.6000 0.5000 0.2054
33.6000 0.5200 0.2230
33.6000 0.5400 0.2414
33.6000 0.5600 0.2606
33.6000 0.5800 0.2805
33.8000 0.1600 0.0182
33.8000 0.1800 0.0234
33.8000 0.2000 0.0293
33.8000 0.2200 0.0360
33.8000 0.2400 0.0434
33.8000 0.2600 0.0515
33.8000 0.2800 0.0603
33.8000 0.3000 0.0698
33.8000 0.3200 0.0801
33.8000 0.3400 0.0911
33.8000 0.3600 0.1029
33.8000 0.3800 0.1154
33.8000 0.4000 0.1286
33.8000 0.4200 0.1426
33.8000 0.4400 0.1573
33.8000 0.4600 0.1728
33.8000 0.4800 0.1890
33.8000 0.5000 0.2060
33.8000 0.5200 0.2237
33.8000 0.5400 0.2422
33.8000 0.5600 0.2615
33.8000 0.5800 0.2815
34.0000 0.1600 0.0181
34.0000 0.1800 0.0234
34.0000 0.2000 0.0294
34.0000 0.2200 0.0360
34.0000 0.2400 0.0434
34.0000 0.2600 0.0515
34.0000 0.2800 0.0604
34.0000 0.3000 0.0700
34.0000 0.3200 0.0803
34.0000 0.3400 0.0913
34.0000 0.3600 0.1031
34.0000 0.3800 0.1157
34.0000 0.4000 0.1290
34.0000 0.4200 0.1430
34.0000 0.4400 0.1578
34.0000 0.4600 0.1733
34.0000 0.4800 0.1896
34.0000 0.5000 0.2067
34.0000 0.5200 0.2245
34.0000 0.5400 0.2431
34.0000 0.5600 0.2624
34.0000 0.5800 0.2825
34.2000 0.1600 0.0181
34.2000 0.1800 0.0234
34.2000 0.2000 0.0294
34.2000 0.2200 0.0361
34.2000 0.2400 0.0435
34.2000 0.2600 0.0516
34.2000 0.2800 0.0605
34.2000 0.3000 0.0701
34.2000 0.3200 0.0805
34.2000 0.3400 0.0915
34.2000 0.3600 0.1034
34.2000 0.3800 0.1160
34.2000 0.4000 0.1293
34.2000 0.4200 0.1434
34.2000 0.4400 0.1582
34.2000 0.4600 0.1738
34.2000 0.4800 0.1902
34.2000 0.5000 0.2073
34.2000 0.5200 0.2252
34.2000 0.5400 0.2439
34.2000 0.5600 0.2633
34.2000 0.5800 0.2835
34.4000 0.1600 0.0181
34.4000 0.1800 0.0234
34.4000 0.2000 0.0294
34.4000 0.2200 0.0361
34.4000 0.2400 0.0435
34.4000 0.2600 0.0517
34.4000 0.2800 0.0606
34.4000 0.3000 0.0702
34.4000 0.3200 0.0806
34.4000 0.3400 0.0918
34.4000 0.3600 0.1036
34.4000 0.3800 0.1163
34.4000 0.4000 0.1297
34.4000 0.4200 0.1438
34.4000 0.4400 0.1587
34.4000 0.4600 0.1744
34.4000 0.4800 0.1908
34.4000 0.5000 0.2080
34.4000 0.5200 0.2260
34.4000 0.5400 0.2447
34.4000 0.5600 0.2642
34.4000 0.5800 0.2845
34.6000 0.1600 0.0181
34.6000 0.1800 0.0234
34.6000 0.2000 0.0294
34.6000 0.2200 0.0361
34.6000 0.2400 0.0436
34.6000 0.2600 0.0518
34.6000 0.2800 0.0607
34.6000 0.3000 0.0704
34.6000 0.3200 0.0808
34.6000 0.3400 0.0920
34.6000 0.3600 0.1039
34.6000 0.3800 0.1166
34.6000 0.4000 0.1300
34.6000 0.4200 0.1442
34.6000 0.4400 0.1592
34.6000 0.4600 0.1749
34.6000 0.4800 0.1914
34.6000 0.5000 0.2087
34.6000 0.5200 0.2267
34.6000 0.5400 0.2455
34.6000 0.5600 0.2651
34.6000 0.5800 0.2855
34.8000 0.1600 0.0181
34.8000 0.1800 0.0234
34.8000 0.2000 0.0294
34.8000 0.2200 0.0362
34.8000 0.2400 0.0436
34.8000 0.2600 0.0518
34.8000 0.2800 0.0608
34.8000 0.3000 0.0705
34.8000 0.3200 0.0810
34.8000 0.3400 0.0922
34.8000 0.3600 0.1041
34.8000 0.3800 0.1169
34.8000 0.4000 0.1303
34.8000 0.4200 0.1446
34.8000 0.4400 0.1596
34.8000 0.4600 0.1754
34.8000 0.4800 0.1920
34.8000 0.5000 0.2093
34.8000 0.5200 0.2274
34.8000 0.5400 0.2463
34.8000 0.5600 0.2660
34.8000 0.5800 0.2864
35.0000 0.1600 0.0181
35.0000 0.1800 0.0234
35.0000 0.2000 0.0294
35.0000 0.2200 0.0362
35.0000 0.2400 0.0437
35.0000 0.2600 0.0519
35.0000 0.2800 0.0609
35.0000 0.3000 0.0706
35.0000 0.3200 0.0811
35.0000 0.3400 0.0924
35.0000 0.3600 0.1044
35.0000 0.3800 0.1172
35.0000 0.4000 0.1307
35.0000 0.4200 0.1450
35.0000 0.4400 0.1601
35.0000 0.4600 0.1759
35.0000 0.4800 0.1926
35.0000 0.5000 0.2100
35.0000 0.5200 0.2282
35.0000 0.5400 0.2471
35.0000 0.5600 0.2669
35.0000 0.5800 0.2874
35.2000 0.1600 0.0181
35.2000 0.1800 0.0234
35.2000 0.2000 0.0295
35.2000 0.2200 0.0362
35.2000 0.2400 0.0437
35.2000 0.2600 0.0520
35.2000 0.2800 0.0610
35.2000 0.3000 0.0708
35.2000 0.3200 0.0813
35.2000 0.3400 0.0926
35.2000 0.3600 0.1046
35.2000 0.3800 0.1174
35.2000 0.4000 0.1310
35.2000 0.4200 0.1454
35.2000 0.4400 0.1605
35.2000 0.4600 0.1765
35.2000 0.4800 0.1932
35.2000 0.5000 0.2106
35.2000 0.5200 0.2289
35.2000 0.5400 0.2480
35.2000 0.5600 0.2678
35.2000 0.5800 0.2884
35.4000 0.1600 0.0181
35.4000 0.1800 0.0234
35.4000 0.2000 0.0295
35.4000 0.2200 0.0363
35.4000 0.2400 0.0438
35.4000 0.2600 0.0521
35.4000 0.2800 0.0611
35.4000 0.3000 0.0709
35.4000 0.3200 0.0815
35.4000 0.3400 0.0928
35.4000 0.3600 0.1049
35.4000 0.3800 0.1177
35.4000 0.4000 0.1314
35.4000 0.4200 0.1458
35.4000 0.4400 0.1610
35.4000 0.4600 0.1770
35.4000 0.4800 0.1937
35.4000 0.5000 0.2113
35.4000 0.5200 0.2296
35.4000 0.5400 0.2488
35.4000 0.5600 0.2687
35.4000 0.5800 0.2894
35.6000 0.1600 0.0181
35.6000 0.1800 0.0234
35.6000 0.2000 0.0295
35.6000 0.2200 0.0363
35.6000 0.2400 0.0438
35.6000 0.2600 0.0521
35.6000 0.2800 0.0612
35.6000 0.3000 0.0710
35.6000 0.3200 0.0816
35.6000 0.3400 0.0930
35.6000 0.3600 0.1051
35.6000 0.3800 0.1180
35.6000 0.4000 0.1317
35.6000 0.4200 0.1462
35.6000 0.4400 0.1615
35.6000 0.4600 0.1775
35.6000 0.4800 0.1943
35.6000 0.5000 0.2120
35.6000 0.5200 0.2304
35.6000 0.5400 0.2496
35.6000 0.5600 0.2696
35.6000 0.5800 0.2904
35.8000 0.1600 0.0181
35.8000 0.1800 0.0234
35.8000 0.2000 0.0295
35.8000 0.2200 0.0363
35.8000 0.2400 0.0439
35.8000 0.2600 0.0522
35.8000 0.2800 0.0613
35.8000 0.3000 0.0712
35.8000 0.3200 0.0818
35.8000 0.3400 0.0932
35.8000 0.3600 0.1054
35.8000 0.3800 0.1183
35.8000 0.4000 0.1321
35.8000 0.4200 0.1466
35.8000 0.4400 0.1619
35.8000 0.4600 0.1780
35.8000 0.4800 0.1949
35.8000 0.5000 0.2126
35.8000 0.5200 0.2311
35.8000 0.5400 0.2504
35.8000 0.5600 0.2705
35.8000 0.5800 0.2914
36.0000 0.1600 0.0181
36.0000 0.1800 0.0234
36.0000 0.2000 0.0295
36.0000 0.2200 0.0364
36.0000 0.2400 0.0439
36.0000 0.2600 0.0523
36.0000 0.2800 0.0614
36.0000 0.3000 0.0713
36.0000 0.3200 0.0820
36.0000 0.3400 0.0934
36.0000 0.3600 0.1056
36.0000 0.3800 0.1186
36.0000 0.4000 0.1324
36.0000 0.4200 0.1470
36.0000 0.4400 0.1624
36.0000 0.4600 0.1786
36.0000 0.4800 0.1955
36.0000 0.5000 0.2133
36.0000 0.5200 0.2319
36.0000 0.5400 0.2513
36.0000 0.5600 0.2714
36.0000 0.5800 0.2924
36.2000 0.1600 0.0181
36.2000 0.1800 0.0234
36.2000 0.2000 0.0295
36.2000 0.2200 0.0364
36.2000 0.2400 0.0440
36.2000 0.2600 0.0524
36.2000 0.2800 0.0615
36.2000 0.3000 0.0714
36.2000 0.3200 0.0821
36.2000 0.3400 0.0936
36.2000 0.3600 0.1059
36.2000 0.3800 0.1189
36.2000 0.4000 0.1328
36.2000 0.4200 0.1474
36.2000 0.4400 0.1628
36.2000 0.4600 0.1791
36.2000 0.4800 0.1961
36.2000 0.5000 0.2140
36.2000 0.5200 0.2326
36.2000 0.5400 0.2521
36.2000 0.5600 0.2723
36.2000 0.5800 0.2934
36.4000 0.1600 0.0181
36.4000 0.1800 0.0234
36.4000 0.2000 0.0296
36.4000 0.2200 0.0364
36.4000 0.2400 0.0440
36.4000 0.2600 0.0524
36.4000 0.2800 0.0616
36.4000 0.3000 0.0716
36.4000 0.3200 0.0823
36.4000 0.3400 0.0938
36.4000 0.3600 0.1061
36.4000 0.3800 0.1192
36.4000 0.4000 0.1331
36.4000 0.4200 0.1478
36.4000 0.4400 0.1633
36.4000 0.4600 0.1796
36.4000 0.4800 0.1967
36.4000 0.5000 0.2146
36.4000 0.5200 0.2333
36.4000 0.5400 0.2529
36.4000 0.5600 0.2732
36.4000 0.5800 0.2944
36.6000 0.1600 0.0181
36.6000 0.1800 0.0235
36.6000 0.2000 0.0296
36.6000 0.2200 0.0365
36.6000 0.2400 0.0441
36.6000 0.2600 0.0525
36.6000 0.2800 0.0617
36.6000 0.3000 0.0717
36.6000 0.3200 0.0825
36.6000 0.3400 0.0940
36.6000 0.3600 0.1064
36.6000 0.3800 0.1195
36.6000 0.4000 0.1335
36.6000 0.4200 0.1482
36.6000 0.4400 0.1638
36.6000 0.4600 0.1801
36.6000 0.4800 0.1973
36.6000 0.5000 0.2153
36.6000 0.5200 0.2341
36.6000 0.5400 0.2537
36.6000 0.5600 0.2741
36.6000 0.5800 0.2954
36.8000 0.1600 0.0181
36.8000 0.1800 0.0235
36.8000 0.2000 0.0296
36.8000 0.2200 0.0365
36.8000 0.2400 0.0442
36.8000 0.2600 0.0526
36.8000 0.2800 0.0618
36.8000 0.3000 0.0718
36.8000 0.3200 0.0826
36.8000 0.3400 0.0942
36.8000 0.3600 0.1066
36.8000 0.3800 0.1198
36.8000 0.4000 0.1338
36.8000 0.4200 0.1486
36.8000 0.4400 0.1642
36.8000 0.4600 0.1806
36.8000 0.4800 0.1979
36.8000 0.5000 0.2159
36.8000 0.5200 0.2348
36.8000 0.5400 0.2545
36.8000 0.5600 0.2750
36.8000 0.5800 0.2964
37.0000 0.1600 0.0181
37.0000 0.1800 0.0235
37.0000 0.2000 0.0296
37.0000 0.2200 0.0365
37.0000 0.2400 0.0442
37.0000 0.2600 0.0527
37.0000 0.2800 0.0619
37.0000 0.3000 0.0720
37.0000 0.3200 0.0828
37.0000 0.3400 0.0944
37.0000 0.3600 0.1069
37.0000 0.3800 0.1201
37.0000 0.4000 0.1341
37.0000 0.4200 0.1490
37.0000 0.4400 0.1647
37.0000 0.4600 0.1812
37.0000 0.4800 0.1985
37.0000 0.5000 0.2166
37.0000 0.5200 0.2356
37.0000 0.5400 0.2553
37.0000 0.5600 0.2759
37.0000 0.5800 0.2974
37.2000 0.1600 0.0181
37.2000 0.1800 0.0235
37.2000 0.2000 0.0296
37.2000 0.2200 0.0366
37.2000 0.2400 0.0443
37.2000 0.2600 0.0527
37.2000 0.2800 0.0620
37.2000 0.3000 0.0721
37.2000 0.3200 0.0830
37.2000 0.3400 0.0946
37.2000 0.3600 0.1071
37.2000 0.3800 0.1204
37.2000 0.4000 0.1345
37.2000 0.4200 0.1494
37.2000 0.4400 0.1651
37.2000 0.4600 0.1817
37.2000 0.4800 0.1991
37.2000 0.5000 0.2173
37.2000 0.5200 0.2363
37.2000 0.5400 0.2562
37.2000 0.5600 0.2769
37.2000 0.5800 0.2984
37.4000 0.1600 0.0181
37.4000 0.1800 0.0235
37.4000 0.2000 0.0296
37.4000 0.2200 0.0366
37.4000 0.2400 0.0443
37.4000 0.2600 0.0528
37.4000 0.2800 0.0621
37.4000 0.3000 0.0722
37.4000 0.3200 0.0831
37.4000 0.3400 0.0948
37.4000 0.3600 0.1074
37.4000 0.3800 0.1207
37.4000 0.4000 0.1348
37.4000 0.4200 0.1498
37.4000 0.4400 0.1656
37.4000 0.4600 0.1822
37.4000 0.4800 0.1997
37.4000 0.5000 0.2180
37.4000 0.5200 0.2371
37.4000 0.5400 0.2570
37.4000 0.5600 0.2778
37.4000 0.5800 0.2994
37.6000 0.1600 0.0181
37.6000 0.1800 0.0235
37.6000 0.2000 0.0297
37.6000 0.2200 0.0366
37.6000 0.2400 0.0444
37.6000 0.2600 0.0529
37.6000 0.2800 0.0622
37.6000 0.3000 0.0724
37.6000 0.3200 0.0833
37.6000 0.3400 0.0950
37.6000 0.3600 0.1076
37.6000 0.3800 0.1210
37.6000 0.4000 0.1352
37.6000 0.4200 0.1502
37.6000 0.4400 0.1661
37.6000 0.4600 0.1827
37.6000 0.4800 0.2003
37.6000 0.5000 0.2186
37.6000 0.5200 0.2378
37.6000 0.5400 0.2578
37.6000 0.5600 0.2787
37.6000 0.5800 0.3004
37.8000 0.1600 0.0181
37.8000 0.1800 0.0235
37.8000 0.2000 0.0297
37.8000 0.2200 0.0367
37.8000 0.2400 0.0444
37.8000 0.2600 0.0530
37.8000 0.2800 0.0623
37.8000 0.3000 0.0725
37.8000 0.3200 0.0835
37.8000 0.3400 0.0952
37.8000 0.3600 0.1078
37.8000 0.3800 0.1213
37.8000 0.4000 0.1355
37.8000 0.4200 0.1506
37.8000 0.4400 0.1665
37.8000 0.4600 0.1833
37.8000 0.4800 0.2008
37.8000 0.5000 0.2193
37.8000 0.5200 0.2385
37.8000 0.5400 0.2586
37.8000 0.5600 0.2796
37.8000 0.5800 0.3014
38.0000 0.1600 0.0181
38.0000 0.1800 0.0235
38.0000 0.2000 0.0297
38.0000 0.2200 0.0367
38.0000 0.2400 0.0445
38.0000 0.2600 0.0530
38.0000 0.2800 0.0624
38.0000 0.3000 0.0726
38.0000 0.3200 0.0836
38.0000 0.3400 0.0955
38.0000 0.3600 0.1081
38.0000 0.3800 0.1216
38.0000 0.4000 0.1359
38.0000 0.4200 0.1510
38.0000 0.4400 0.1670
38.0000 0.4600 0.1838
38.0000 0.4800 0.2014
38.0000 0.5000 0.2199
38.0000 0.5200 0.2393
38.0000 0.5400 0.2594
38.0000 0.5600 0.2805
38.0000 0.5800 0.3024
38.2000 0.1600 0.0181
38.2000 0.1800 0.0235
38.2000 0.2000 0.0297
38.2000 0.2200 0.0367
38.2000 0.2400 0.0445
38.2000 0.2600 0.0531
38.2000 0.2800 0.0625
38.2000 0.3000 0.0728
38.2000 0.3200 0.0838
38.2000 0.3400 0.0957
38.2000 0.3600 0.1083
38.2000 0.3800 0.1219
38.2000 0.4000 0.1362
38.2000 0.4200 0.1514
38.2000 0.4400 0.1674
38.2000 0.4600 0.1843
38.2000 0.4800 0.2020
38.2000 0.5000 0.2206
38.2000 0.5200 0.2400
38.2000 0.5400 0.2603
38.2000 0.5600 0.2814
38.2000 0.5800 0.3034
38.4000 0.1600 0.0180
38.4000 0.1800 0.0235
38.4000 0.2000 0.0297
38.4000 0.2200 0.0368
38.4000 0.2400 0.0446
38.4000 0.2600 0.0532
38.4000 0.2800 0.0626
38.4000 0.3000 0.0729
38.4000 0.3200 0.0840
38.4000 0.3400 0.0959
38.4000 0.3600 0.1086
38.4000 0.3800 0.1222
38.4000 0.4000 0.1366
38.4000 0.4200 0.1518
38.4000 0.4400 0.1679
38.4000 0.4600 0.1848
38.4000 0.4800 0.2026
38.4000 0.5000 0.2213
38.4000 0.5200 0.2407
38.4000 0.5400 0.2611
38.4000 0.5600 0.2823
38.4000 0.5800 0.3044
38.6000 0.1600 0.0180
38.6000 0.1800 0.0235
38.6000 0.2000 0.0298
38.6000 0.2200 0.0368
38.6000 0.2400 0.0446
38.6000 0.2600 0.0533
38.6000 0.2800 0.0627
38.6000 0.3000 0.0730
38.6000 0.3200 0.0841
38.6000 0.3400 0.0961
38.6000 0.3600 0.1088
38.6000 0.3800 0.1225
38.6000 0.4000 0.1369
38.6000 0.4200 0.1522
38.6000 0.4400 0.1684
38.6000 0.4600 0.1854
38.6000 0.4800 0.2032
38.6000 0.5000 0.2219
38.6000 0.5200 0.2415
38.6000 0.5400 0.2619
38.6000 0.5600 0.2832
38.6000 0.5800 0.3054
38.8000 0.1600 0.0180
38.8000 0.1800 0.0235
38.8000 0.2000 0.0298
38.8000 0.2200 0.0368
38.8000 0.2400 0.0447
38.8000 0.2600 0.0534
38.8000 0.2800 0.0628
38.8000 0.3000 0.0732
38.8000 0.3200 0.0843
38.8000 0.3400 0.0963
38.8000 0.3600 0.1091
38.8000 0.3800 0.1227
38.8000 0.4000 0.1373
38.8000 0.4200 0.1526
38.8000 0.4400 0.1688
38.8000 0.4600 0.1859
38.8000 0.4800 0.2038
38.8000 0.5000 0.2226
38.8000 0.5200 0.2422
38.8000 0.5400 0.2628
38.8000 0.5600 0.2841
38.8000 0.5800 0.3064
39.0000 0.1600 0.0180
39.0000 0.1800 0.0235
39.0000 0.2000 0.0298
39.0000 0.2200 0.0369
39.0000 0.2400 0.0447
39.0000 0.2600 0.0534
39.0000 0.2800 0.0629
39.0000 0.3000 0.0733
39.0000 0.3200 0.0845
39.0000 0.3400 0.0965
39.0000 0.3600 0.1093
39.0000 0.3800 0.1230
39.0000 0.4000 0.1376
39.0000 0.4200 0.1530
39.0000 0.4400 0.1693
39.0000 0.4600 0.1864
39.0000 0.4800 0.2044
39.0000 0.5000 0.2232
39.0000 0.5200 0.2430
39.0000 0.5400 0.2636
39.0000 0.5600 0.2850
39.0000 0.5800 0.3074
39.2000 0.1600 0.0180
39.2000 0.1800 0.0235
39.2000 0.2000 0.0298
39.2000 0.2200 0.0369
39.2000 0.2400 0.0448
39.2000 0.2600 0.0535
39.2000 0.2800 0.0630
39.2000 0.3000 0.0734
39.2000 0.3200 0.0846
39.2000 0.3400 0.0967
39.2000 0.3600 0.1096
39.2000 0.3800 0.1233
39.2000 0.4000 0.1379
39.2000 0.4200 0.1534
39.2000 0.4400 0.1697
39.2000 0.4600 0.1869
39.2000 0.4800 0.2050
39.2000 0.5000 0.2239
39.2000 0.5200 0.2437
39.2000 0.5400 0.2644
39.2000 0.5600 0.2859
39.2000 0.5800 0.3084
39.4000 0.1600 0.0180
39.4000 0.1800 0.0235
39.4000 0.2000 0.0298
39.4000 0.2200 0.0369
39.4000 0.2400 0.0448
39.4000 0.2600 0.0536
39.4000 0.2800 0.0631
39.4000 0.3000 0.0735
39.4000 0.3200 0.0848
39.4000 0.3400 0.0969
39.4000 0.3600 0.1098
39.4000 0.3800 0.1236
39.4000 0.4000 0.1383
39.4000 0.4200 0.1538
39.4000 0.4400 0.1702
39.4000 0.4600 0.1874
39.4000 0.4800 0.2056
39.4000 0.5000 0.2246
39.4000 0.5200 0.2444
39.4000 0.5400 0.2652
39.4000 0.5600 0.2868
39.4000 0.5800 0.3094
39.6000 0.1600 0.0180
39.6000 0.1800 0.0235
39.6000 0.2000 0.0298
39.6000 0.2200 0.0370
39.6000 0.2400 0.0449
39.6000 0.2600 0.0537
39.6000 0.2800 0.0632
39.6000 0.3000 0.0737
39.6000 0.3200 0.0850
39.6000 0.3400 0.0971
39.6000 0.3600 0.1101
39.6000 0.3800 0.1239
39.6000 0.4000 0.1386
39.6000 0.4200 0.1542
39.6000 0.4400 0.1706
39.6000 0.4600 0.1880
39.6000 0.4800 0.2061
39.6000 0.5000 0.2252
39.6000 0.5200 0.2452
39.6000 0.5400 0.2660
39.6000 0.5600 0.2878
39.6000 0.5800 0.3104
39.8000 0.1600 0.0180
39.8000 0.1800 0.0236
39.8000 0.2000 0.0299
39.8000 0.2200 0.0370
39.8000 0.2400 0.0449
39.8000 0.2600 0.0537
39.8000 0.2800 0.0633
39.8000 0.3000 0.0738
39.8000 0.3200 0.0851
39.8000 0.3400 0.0973
39.8000 0.3600 0.1103
39.8000 0.3800 0.1242
39.8000 0.4000 0.1390
39.8000 0.4200 0.1546
39.8000 0.4400 0.1711
39.8000 0.4600 0.1885
39.8000 0.4800 0.2067
39.8000 0.5000 0.2259
39.8000 0.5200 0.2459
39.8000 0.5400 0.2669
39.8000 0.5600 0.2887
39.8000 0.5800 0.3114
