0.0000 0.1600 1.0000
0.0000 0.1800 1.0000
0.0000 0.2000 1.0000
0.0000 0.2200 1.0000
0.0000 0.2400 1.0000
0.0000 0.2600 1.0000
0.0000 0.2800 1.0000
0.0000 0.3000 1.0000
0.0000 0.3200 1.0000
0.0000 0.3400 1.0000
0.0000 0.3600 1.0000
0.0000 0.3800 1.0000
0.0000 0.4000 1.0000
0.0000 0.4200 1.0000
0.0000 0.4400 1.0000
0.0000 0.4600 1.0000
0.0000 0.4800 1.0000
0.0000 0.5000 1.0000
0.0000 0.5200 1.0000
0.0000 0.5400 1.0000
0.0000 0.5600 1.0000
0.0000 0.5800 1.0000
0.2000 0.1600 0.9880
0.2000 0.1800 0.9881
0.2000 0.2000 0.9881
0.2000 0.2200 0.9882
0.2000 0.2400 0.9882
0.2000 0.2600 0.9882
0.2000 0.2800 0.9882
0.2000 0.3000 0.9883
0.2000 0.3200 0.9883
0.2000 0.3400 0.9883
0.2000 0.3600 0.9883
0.2000 0.3800 0.9883
0.2000 0.4000 0.9883
0.2000 0.4200 0.9883
0.2000 0.4400 0.9883
0.2000 0.4600 0.9883
0.2000 0.4800 0.9883
0.2000 0.5000 0.9883
0.2000 0.5200 0.9883
0.2000 0.5400 0.9883
0.2000 0.5600 0.9883
0.2000 0.5800 0.9883
0.4000 0.1600 0.9543
0.4000 0.1800 0.9546
0.4000 0.2000 0.9548
0.4000 0.2200 0.9550
0.4000 0.2400 0.9551
0.4000 0.2600 0.9552
0.4000 0.2800 0.9553
0.4000 0.3000 0.9553
0.4000 0.3200 0.9554
0.4000 0.3400 0.9554
0.4000 0.3600 0.9555
0.4000 0.3800 0.9555
0.4000 0.4000 0.9555
0.4000 0.4200 0.9555
0.4000 0.4400 0.9556
0.4000 0.4600 0.9556
0.4000 0.4800 0.9556
0.4000 0.5000 0.9556
0.4000 0.5200 0.9556
0.4000 0.5400 0.9556
0.4000 0.5600 0.9557
0.4000 0.5800 0.9557
0.6000 0.1600 0.9048
0.6000 0.1800 0.9056
0.6000 0.2000 0.9060
0.6000 0.2200 0.9063
0.6000 0.2400 0.9066
0.6000 0.2600 0.9068
0.6000 0.2800 0.9069
0.6000 0.3000 0.9070
0.6000 0.3200 0.9071
0.6000 0.3400 0.9072
0.6000 0.3600 0.9073
0.6000 0.3800 0.9074
0.6000 0.4000 0.9074
0.6000 0.4200 0.9075
0.6000 0.4400 0.9075
0.6000 0.4600 0.9075
0.6000 0.4800 0.9076
0.6000 0.5000 0.9076
0.6000 0.5200 0.9076
0.6000 0.5400 0.9077
0.6000 0.5600 0.9077
0.6000 0.5800 0.9077
0.8000 0.1600 0.8466
0.8000 0.1800 0.8478
0.8000 0.2000 0.8485
0.8000 0.2200 0.8491
0.8000 0.2400 0.8494
0.8000 0.2600 0.8497
0.8000 0.2800 0.8500
0.8000 0.3000 0.8502
0.8000 0.3200 0.8503
0.8000 0.3400 0.8505
0.8000 0.3600 0.8506
0.8000 0.3800 0.8507
0.8000 0.4000 0.8508
0.8000 0.4200 0.8509
0.8000 0.4400 0.8509
0.8000 0.4600 0.8510
0.8000 0.4800 0.8511
0.8000 0.5000 0.8511
0.8000 0.5200 0.8512
0.8000 0.5400 0.8512
0.8000 0.5600 0.8512
0.8000 0.5800 0.8513
1.0000 0.1600 0.7856
1.0000 0.1800 0.7872
1.0000 0.2000 0.7883
1.0000 0.2200 0.7890
1.0000 0.2400 0.7895
1.0000 0.2600 0.7899
1.0000 0.2800 0.7903
1.0000 0.3000 0.7905
1.0000 0.3200 0.7908
1.0000 0.3400 0.7910
1.0000 0.3600 0.7911
1.0000 0.3800 0.7913
1.0000 0.4000 0.7914
1.0000 0.4200 0.7915
1.0000 0.4400 0.7916
1.0000 0.4600 0.7917
1.0000 0.4800 0.7918
1.0000 0.5000 0.7918
1.0000 0.5200 0.7919
1.0000 0.5400 0.7920
1.0000 0.5600 0.7920
1.0000 0.5800 0.7921
1.2000 0.1600 0.7259
1.2000 0.1800 0.7279
1.2000 0.2000 0.7293
1.2000 0.2200 0.7302
1.2000 0.2400 0.7309
1.2000 0.2600 0.7314
1.2000 0.2800 0.7318
1.2000 0.3000 0.7321
1.2000 0.3200 0.7324
1.2000 0.3400 0.7327
1.2000 0.3600 0.7329
1.2000 0.3800 0.7331
1.2000 0.4000 0.7332
1.2000 0.4200 0.7334
1.2000 0.4400 0.7335
1.2000 0.4600 0.7336
1.2000 0.4800 0.7337
1.2000 0.5000 0.7338
1.2000 0.5200 0.7339
1.2000 0.5400 0.7340
1.2000 0.5600 0.7341
1.2000 0.5800 0.7341
1.4000 0.1600 0.6697
1.4000 0.1800 0.6722
1.4000 0.2000 0.6738
1.4000 0.2200 0.6749
1.4000 0.2400 0.6757
1.4000 0.2600 0.6763
1.4000 0.2800 0.6768
1.4000 0.3000 0.6773
1.4000 0.3200 0.6776
1.4000 0.3400 0.6779
1.4000 0.3600 0.6781
1.4000 0.3800 0.6784
1.4000 0.4000 0.6786
1.4000 0.4200 0.6787
1.4000 0.4400 0.6789
1.4000 0.4600 0.6790
1.4000 0.4800 0.6791
1.4000 0.5000 0.6793
1.4000 0.5200 0.6794
1.4000 0.5400 0.6795
1.4000 0.5600 0.6795
1.4000 0.5800 0.6796
1.6000 0.1600 0.6183
1.6000 0.1800 0.6211
1.6000 0.2000 0.6229
1.6000 0.2200 0.6242
1.6000 0.2400 0.6251
1.6000 0.2600 0.6258
1.6000 0.2800 0.6264
1.6000 0.3000 0.6269
1.6000 0.3200 0.6273
1.6000 0.3400 0.6276
1.6000 0.3600 0.6279
1.6000 0.3800 0.6282
1.6000 0.4000 0.6284
1.6000 0.4200 0.6286
1.6000 0.4400 0.6288
1.6000 0.4600 0.6289
1.6000 0.4800 0.6291
1.6000 0.5000 0.6292
1.6000 0.5200 0.6293
1.6000 0.5400 0.6294
1.6000 0.5600 0.6295
1.6000 0.5800 0.6296
1.8000 0.1600 0.5717
1.8000 0.1800 0.5749
1.8000 0.2000 0.5769
1.8000 0.2200 0.5783
1.8000 0.2400 0.5794
1.8000 0.2600 0.5802
1.8000 0.2800 0.5808
1.8000 0.3000 0.5814
1.8000 0.3200 0.5818
1.8000 0.3400 0.5822
1.8000 0.3600 0.5825
1.8000 0.3800 0.5828
1.8000 0.4000 0.5830
1.8000 0.4200 0.5833
1.8000 0.4400 0.5835
1.8000 0.4600 0.5836
1.8000 0.4800 0.5838
1.8000 0.5000 0.5839
1.8000 0.5200 0.5841
1.8000 0.5400 0.5842
1.8000 0.5600 0.5843
1.8000 0.5800 0.5844
2.0000 0.1600 0.5299
2.0000 0.1800 0.5333
2.0000 0.2000 0.5356
2.0000 0.2200 0.5371
2.0000 0.2400 0.5383
2.0000 0.2600 0.5392
2.0000 0.2800 0.5399
2.0000 0.3000 0.5404
2.0000 0.3200 0.5409
2.0000 0.3400 0.5414
2.0000 0.3600 0.5417
2.0000 0.3800 0.5420
2.0000 0.4000 0.5423
2.0000 0.4200 0.5425
2.0000 0.4400 0.5428
2.0000 0.4600 0.5430
2.0000 0.4800 0.5431
2.0000 0.5000 0.5433
2.0000 0.5200 0.5434
2.0000 0.5400 0.5436
2.0000 0.5600 0.5437
2.0000 0.5800 0.5438
2.2000 0.1600 0.4925
2.2000 0.1800 0.4962
2.2000 0.2000 0.4986
2.2000 0.2200 0.5002
2.2000 0.2400 0.5015
2.2000 0.2600 0.5024
2.2000 0.2800 0.5032
2.2000 0.3000 0.5038
2.2000 0.3200 0.5044
2.2000 0.3400 0.5048
2.2000 0.3600 0.5052
2.2000 0.3800 0.5055
2.2000 0.4000 0.5058
2.2000 0.4200 0.5061
2.2000 0.4400 0.5063
2.2000 0.4600 0.5065
2.2000 0.4800 0.5067
2.2000 0.5000 0.5069
2.2000 0.5200 0.5071
2.2000 0.5400 0.5072
2.2000 0.5600 0.5073
2.2000 0.5800 0.5075
2.4000 0.1600 0.4592
2.4000 0.1800 0.4630
2.4000 0.2000 0.4655
2.4000 0.2200 0.4673
2.4000 0.2400 0.4686
2.4000 0.2600 0.4696
2.4000 0.2800 0.4705
2.4000 0.3000 0.4711
2.4000 0.3200 0.4717
2.4000 0.3400 0.4722
2.4000 0.3600 0.4726
2.4000 0.3800 0.4729
2.4000 0.4000 0.4732
2.4000 0.4200 0.4735
2.4000 0.4400 0.4738
2.4000 0.4600 0.4740
2.4000 0.4800 0.4742
2.4000 0.5000 0.4744
2.4000 0.5200 0.4745
2.4000 0.5400 0.4747
2.4000 0.5600 0.4748
2.4000 0.5800 0.4750
2.6000 0.1600 0.4296
2.6000 0.1800 0.4336
2.6000 0.2000 0.4362
2.6000 0.2200 0.4381
2.6000 0.2400 0.4394
2.6000 0.2600 0.4405
2.6000 0.2800 0.4414
2.6000 0.3000 0.4420
2.6000 0.3200 0.4426
2.6000 0.3400 0.4431
2.6000 0.3600 0.4435
2.6000 0.3800 0.4439
2.6000 0.4000 0.4442
2.6000 0.4200 0.4445
2.6000 0.4400 0.4448
2.6000 0.4600 0.4450
2.6000 0.4800 0.4452
2.6000 0.5000 0.4454
2.6000 0.5200 0.4456
2.6000 0.5400 0.4458
2.6000 0.5600 0.4459
2.6000 0.5800 0.4461
2.8000 0.1600 0.4031
2.8000 0.1800 0.4072
2.8000 0.2000 0.4099
2.8000 0.2200 0.4118
2.8000 0.2400 0.4132
2.8000 0.2600 0.4143
2.8000 0.2800 0.4152
2.8000 0.3000 0.4159
2.8000 0.3200 0.4165
2.8000 0.3400 0.4171
2.8000 0.3600 0.4175
2.8000 0.3800 0.4179
2.8000 0.4000 0.4182
2.8000 0.4200 0.4185
2.8000 0.4400 0.4188
2.8000 0.4600 0.4190
2.8000 0.4800 0.4193
2.8000 0.5000 0.4195
2.8000 0.5200 0.4196
2.8000 0.5400 0.4198
2.8000 0.5600 0.4200
2.8000 0.5800 0.4201
3.0000 0.1600 0.3792
3.0000 0.1800 0.3834
3.0000 0.2000 0.3862
3.0000 0.2200 0.3882
3.0000 0.2400 0.3897
3.0000 0.2600 0.3908
3.0000 0.2800 0.3917
3.0000 0.3000 0.3924
3.0000 0.3200 0.3931
3.0000 0.3400 0.3936
3.0000 0.3600 0.3940
3.0000 0.3800 0.3944
3.0000 0.4000 0.3948
3.0000 0.4200 0.3951
3.0000 0.4400 0.3954
3.0000 0.4600 0.3956
3.0000 0.4800 0.3959
3.0000 0.5000 0.3961
3.0000 0.5200 0.3963
3.0000 0.5400 0.3964
3.0000 0.5600 0.3966
3.0000 0.5800 0.3967
3.2000 0.1600 0.3576
3.2000 0.1800 0.3620
3.2000 0.2000 0.3648
3.2000 0.2200 0.3668
3.2000 0.2400 0.3683
3.2000 0.2600 0.3695
3.2000 0.2800 0.3704
3.2000 0.3000 0.3712
3.2000 0.3200 0.3718
3.2000 0.3400 0.3724
3.2000 0.3600 0.3729
3.2000 0.3800 0.3733
3.2000 0.4000 0.3736
3.2000 0.4200 0.3739
3.2000 0.4400 0.3742
3.2000 0.4600 0.3745
3.2000 0.4800 0.3747
3.2000 0.5000 0.3749
3.2000 0.5200 0.3751
3.2000 0.5400 0.3753
3.2000 0.5600 0.3755
3.2000 0.5800 0.3756
3.4000 0.1600 0.3381
3.4000 0.1800 0.3425
3.4000 0.2000 0.3454
3.4000 0.2200 0.3475
3.4000 0.2400 0.3490
3.4000 0.2600 0.3502
3.4000 0.2800 0.3512
3.4000 0.3000 0.3520
3.4000 0.3200 0.3526
3.4000 0.3400 0.3532
3.4000 0.3600 0.3537
3.4000 0.3800 0.3541
3.4000 0.4000 0.3544
3.4000 0.4200 0.3548
3.4000 0.4400 0.3551
3.4000 0.4600 0.3553
3.4000 0.4800 0.3556
3.4000 0.5000 0.3558
3.4000 0.5200 0.3560
3.4000 0.5400 0.3562
3.4000 0.5600 0.3563
3.4000 0.5800 0.3565
3.6000 0.1600 0.3203
3.6000 0.1800 0.3249
3.6000 0.2000 0.3278
3.6000 0.2200 0.3299
3.6000 0.2400 0.3315
3.6000 0.2600 0.3327
3.6000 0.2800 0.3337
3.6000 0.3000 0.3345
3.6000 0.3200 0.3351
3.6000 0.3400 0.3357
3.6000 0.3600 0.3362
3.6000 0.3800 0.3366
3.6000 0.4000 0.3370
3.6000 0.4200 0.3373
3.6000 0.4400 0.3376
3.6000 0.4600 0.3379
3.6000 0.4800 0.3381
3.6000 0.5000 0.3384
3.6000 0.5200 0.3386
3.6000 0.5400 0.3388
3.6000 0.5600 0.3389
3.6000 0.5800 0.3391
3.8000 0.1600 0.3041
3.8000 0.1800 0.3087
3.8000 0.2000 0.3118
3.8000 0.2200 0.3139
3.8000 0.2400 0.3155
3.8000 0.2600 0.3167
3.8000 0.2800 0.3177
3.8000 0.3000 0.3185
3.8000 0.3200 0.3192
3.8000 0.3400 0.3198
3.8000 0.3600 0.3203
3.8000 0.3800 0.3207
3.8000 0.4000 0.3211
3.8000 0.4200 0.3214
3.8000 0.4400 0.3217
3.8000 0.4600 0.3220
3.8000 0.4800 0.3223
3.8000 0.5000 0.3225
3.8000 0.5200 0.3227
3.8000 0.5400 0.3229
3.8000 0.5600 0.3231
3.8000 0.5800 0.3232
4.0000 0.1600 0.2893
4.0000 0.1800 0.2940
4.0000 0.2000 0.2971
4.0000 0.2200 0.2992
4.0000 0.2400 0.3009
4.0000 0.2600 0.3021
4.0000 0.2800 0.3031
4.0000 0.3000 0.3040
4.0000 0.3200 0.3047
4.0000 0.3400 0.3053
4.0000 0.3600 0.3058
4.0000 0.3800 0.3062
4.0000 0.4000 0.3066
4.0000 0.4200 0.3069
4.0000 0.4400 0.3073
4.0000 0.4600 0.3075
4.0000 0.4800 0.3078
4.0000 0.5000 0.3080
4.0000 0.5200 0.3082
4.0000 0.5400 0.3084
4.0000 0.5600 0.3086
4.0000 0.5800 0.3088
4.2000 0.1600 0.2757
4.2000 0.1800 0.2805
4.2000 0.2000 0.2836
4.2000 0.2200 0.2858
4.2000 0.2400 0.2875
4.2000 0.2600 0.2888
4.2000 0.2800 0.2898
4.2000 0.3000 0.2906
4.2000 0.3200 0.2914
4.2000 0.3400 0.2920
4.2000 0.3600 0.2925
4.2000 0.3800 0.2929
4.2000 0.4000 0.2933
4.2000 0.4200 0.2937
4.2000 0.4400 0.2940
4.2000 0.4600 0.2943
4.2000 0.4800 0.2946
4.2000 0.5000 0.2948
4.2000 0.5200 0.2950
4.2000 0.5400 0.2952
4.2000 0.5600 0.2954
4.2000 0.5800 0.2956
4.4000 0.1600 0.2632
4.4000 0.1800 0.2680
4.4000 0.2000 0.2712
4.4000 0.2200 0.2735
4.4000 0.2400 0.2752
4.4000 0.2600 0.2765
4.4000 0.2800 0.2775
4.4000 0.3000 0.2784
4.4000 0.3200 0.2791
4.4000 0.3400 0.2797
4.4000 0.3600 0.2803
4.4000 0.3800 0.2807
4.4000 0.4000 0.2811
4.4000 0.4200 0.2815
4.4000 0.4400 0.2818
4.4000 0.4600 0.2821
4.4000 0.4800 0.2824
4.4000 0.5000 0.2826
4.4000 0.5200 0.2829
4.4000 0.5400 0.2831
4.4000 0.5600 0.2832
4.4000 0.5800 0.2834
4.6000 0.1600 0.2517
4.6000 0.1800 0.2566
4.6000 0.2000 0.2598
4.6000 0.2200 0.2621
4.6000 0.2400 0.2638
4.6000 0.2600 0.2651
4.6000 0.2800 0.2662
4.6000 0.3000 0.2671
4.6000 0.3200 0.2678
4.6000 0.3400 0.2684
4.6000 0.3600 0.2690
4.6000 0.3800 0.2695
4.6000 0.4000 0.2699
4.6000 0.4200 0.2702
4.6000 0.4400 0.2706
4.6000 0.4600 0.2709
4.6000 0.4800 0.2711
4.6000 0.5000 0.2714
4.6000 0.5200 0.2716
4.6000 0.5400 0.2718
4.6000 0.5600 0.2720
4.6000 0.5800 0.2722
4.8000 0.1600 0.2410
4.8000 0.1800 0.2459
4.8000 0.2000 0.2492
4.8000 0.2200 0.2515
4.8000 0.2400 0.2533
4.8000 0.2600 0.2546
4.8000 0.2800 0.2557
4.8000 0.3000 0.2566
4.8000 0.3200 0.2574
4.8000 0.3400 0.2580
4.8000 0.3600 0.2585
4.8000 0.3800 0.2590
4.8000 0.4000 0.2594
4.8000 0.4200 0.2598
4.8000 0.4400 0.2602
4.8000 0.4600 0.2605
4.8000 0.4800 0.2607
4.8000 0.5000 0.2610
4.8000 0.5200 0.2612
4.8000 0.5400 0.2614
4.8000 0.5600 0.2616
4.8000 0.5800 0.2618
5.0000 0.1600 0.2311
5.0000 0.1800 0.2361
5.0000 0.2000 0.2394
5.0000 0.2200 0.2417
5.0000 0.2400 0.2435
5.0000 0.2600 0.2449
5.0000 0.2800 0.2460
5.0000 0.3000 0.2469
5.0000 0.3200 0.2476
5.0000 0.3400 0.2483
5.0000 0.3600 0.2489
5.0000 0.3800 0.2493
5.0000 0.4000 0.2498
5.0000 0.4200 0.2502
5.0000 0.4400 0.2505
5.0000 0.4600 0.2508
5.0000 0.4800 0.2511
5.0000 0.5000 0.2513
5.0000 0.5200 0.2516
5.0000 0.5400 0.2518
5.0000 0.5600 0.2520
5.0000 0.5800 0.2522
5.2000 0.1600 0.2219
5.2000 0.1800 0.2269
5.2000 0.2000 0.2303
5.2000 0.2200 0.2326
5.2000 0.2400 0.2344
5.2000 0.2600 0.2358
5.2000 0.2800 0.2369
5.2000 0.3000 0.2378
5.2000 0.3200 0.2386
5.2000 0.3400 0.2393
5.2000 0.3600 0.2398
5.2000 0.3800 0.2403
5.2000 0.4000 0.2408
5.2000 0.4200 0.2412
5.2000 0.4400 0.2415
5.2000 0.4600 0.2418
5.2000 0.4800 0.2421
5.2000 0.5000 0.2424
5.2000 0.5200 0.2426
5.2000 0.5400 0.2428
5.2000 0.5600 0.2430
5.2000 0.5800 0.2432
5.4000 0.1600 0.2133
5.4000 0.1800 0.2184
5.4000 0.2000 0.2218
5.4000 0.2200 0.2242
5.4000 0.2400 0.2260
5.4000 0.2600 0.2274
5.4000 0.2800 0.2285
5.4000 0.3000 0.2294
5.4000 0.3200 0.2302
5.4000 0.3400 0.2309
5.4000 0.3600 0.2315
5.4000 0.3800 0.2320
5.4000 0.4000 0.2324
5.4000 0.4200 0.2328
5.4000 0.4400 0.2332
5.4000 0.4600 0.2335
5.4000 0.4800 0.2338
5.4000 0.5000 0.2340
5.4000 0.5200 0.2343
5.4000 0.5400 0.2345
5.4000 0.5600 0.2347
5.4000 0.5800 0.2349
5.6000 0.1600 0.2053
5.6000 0.1800 0.2104
5.6000 0.2000 0.2138
5.6000 0.2200 0.2163
5.6000 0.2400 0.2181
5.6000 0.2600 0.2195
5.6000 0.2800 0.2207
5.6000 0.3000 0.2216
5.6000 0.3200 0.2224
5.6000 0.3400 0.2231
5.6000 0.3600 0.2237
5.6000 0.3800 0.2242
5.6000 0.4000 0.2247
5.6000 0.4200 0.2251
5.6000 0.4400 0.2254
5.6000 0.4600 0.2257
5.6000 0.4800 0.2260
5.6000 0.5000 0.2263
5.6000 0.5200 0.2265
5.6000 0.5400 0.2268
5.6000 0.5600 0.2270
5.6000 0.5800 0.2272
5.8000 0.1600 0.1978
5.8000 0.1800 0.2030
5.8000 0.2000 0.2064
5.8000 0.2200 0.2089
5.8000 0.2400 0.2107
5.8000 0.2600 0.2122
5.8000 0.2800 0.2134
5.8000 0.3000 0.2143
5.8000 0.3200 0.2151
5.8000 0.3400 0.2158
5.8000 0.3600 0.2164
5.8000 0.3800 0.2169
5.8000 0.4000 0.2174
5.8000 0.4200 0.2178
5.8000 0.4400 0.2182
5.8000 0.4600 0.2185
5.8000 0.4800 0.2188
5.8000 0.5000 0.2191
5.8000 0.5200 0.2193
5.8000 0.5400 0.2195
5.8000 0.5600 0.2198
5.8000 0.5800 0.2199
6.0000 0.1600 0.1908
6.0000 0.1800 0.1960
6.0000 0.2000 0.1994
6.0000 0.2200 0.2019
6.0000 0.2400 0.2038
6.0000 0.2600 0.2053
6.0000 0.2800 0.2065
6.0000 0.3000 0.2075
6.0000 0.3200 0.2083
6.0000 0.3400 0.2090
6.0000 0.3600 0.2096
6.0000 0.3800 0.2101
6.0000 0.4000 0.2106
6.0000 0.4200 0.2110
6.0000 0.4400 0.2114
6.0000 0.4600 0.2117
6.0000 0.4800 0.2120
6.0000 0.5000 0.2123
6.0000 0.5200 0.2125
6.0000 0.5400 0.2128
6.0000 0.5600 0.2130
6.0000 0.5800 0.2132
6.2000 0.1600 0.1842
6.2000 0.1800 0.1894
6.2000 0.2000 0.1929
6.2000 0.2200 0.1954
6.2000 0.2400 0.1973
6.2000 0.2600 0.1988
6.2000 0.2800 0.2000
6.2000 0.3000 0.2010
6.2000 0.3200 0.2018
6.2000 0.3400 0.2025
6.2000 0.3600 0.2032
6.2000 0.3800 0.2037
6.2000 0.4000 0.2042
6.2000 0.4200 0.2046
6.2000 0.4400 0.2050
6.2000 0.4600 0.2053
6.2000 0.4800 0.2056
6.2000 0.5000 0.2059
6.2000 0.5200 0.2061
6.2000 0.5400 0.2064
6.2000 0.5600 0.2066
6.2000 0.5800 0.2068
6.4000 0.1600 0.1779
6.4000 0.1800 0.1832
6.4000 0.2000 0.1868
6.4000 0.2200 0.1893
6.4000 0.2400 0.1912
6.4000 0.2600 0.1927
6.4000 0.2800 0.1939
6.4000 0.3000 0.1949
6.4000 0.3200 0.1958
6.4000 0.3400 0.1965
6.4000 0.3600 0.1971
6.4000 0.3800 0.1977
6.4000 0.4000 0.1981
6.4000 0.4200 0.1986
6.4000 0.4400 0.1989
6.4000 0.4600 0.1993
6.4000 0.4800 0.1996
6.4000 0.5000 0.1999
6.4000 0.5200 0.2001
6.4000 0.5400 0.2004
6.4000 0.5600 0.2006
6.4000 0.5800 0.2008
6.6000 0.1600 0.1721
6.6000 0.1800 0.1774
6.6000 0.2000 0.1810
6.6000 0.2200 0.1835
6.6000 0.2400 0.1855
6.6000 0.2600 0.1870
6.6000 0.2800 0.1882
6.6000 0.3000 0.1892
6.6000 0.3200 0.1901
6.6000 0.3400 0.1908
6.6000 0.3600 0.1914
6.6000 0.3800 0.1920
6.6000 0.4000 0.1925
6.6000 0.4200 0.1929
6.6000 0.4400 0.1933
6.6000 0.4600 0.1936
6.6000 0.4800 0.1939
6.6000 0.5000 0.1942
6.6000 0.5200 0.1945
6.6000 0.5400 0.1947
6.6000 0.5600 0.1950
6.6000 0.5800 0.1952
6.8000 0.1600 0.1666
6.8000 0.1800 0.1719
6.8000 0.2000 0.1755
6.8000 0.2200 0.1781
6.8000 0.2400 0.1800
6.8000 0.2600 0.1816
6.8000 0.2800 0.1828
6.8000 0.3000 0.1838
6.8000 0.3200 0.1847
6.8000 0.3400 0.1854
6.8000 0.3600 0.1861
6.8000 0.3800 0.1866
6.8000 0.4000 0.1871
6.8000 0.4200 0.1875
6.8000 0.4400 0.1879
6.8000 0.4600 0.1883
6.8000 0.4800 0.1886
6.8000 0.5000 0.1889
6.8000 0.5200 0.1892
6.8000 0.5400 0.1894
6.8000 0.5600 0.1896
6.8000 0.5800 0.1899
7.0000 0.1600 0.1613
7.0000 0.1800 0.1667
7.0000 0.2000 0.1703
7.0000 0.2200 0.1729
7.0000 0.2400 0.1749
7.0000 0.2600 0.1765
7.0000 0.2800 0.1777
7.0000 0.3000 0.1788
7.0000 0.3200 0.1796
7.0000 0.3400 0.1804
7.0000 0.3600 0.1810
7.0000 0.3800 0.1816
7.0000 0.4000 0.1821
7.0000 0.4200 0.1825
7.0000 0.4400 0.1829
7.0000 0.4600 0.1833
7.0000 0.4800 0.1836
7.0000 0.5000 0.1839
7.0000 0.5200 0.1842
7.0000 0.5400 0.1844
7.0000 0.5600 0.1847
7.0000 0.5800 0.1849
7.2000 0.1600 0.1564
7.2000 0.1800 0.1618
7.2000 0.2000 0.1654
7.2000 0.2200 0.1681
7.2000 0.2400 0.1701
7.2000 0.2600 0.1716
7.2000 0.2800 0.1729
7.2000 0.3000 0.1740
7.2000 0.3200 0.1748
7.2000 0.3400 0.1756
7.2000 0.3600 0.1763
7.2000 0.3800 0.1768
7.2000 0.4000 0.1773
7.2000 0.4200 0.1778
7.2000 0.4400 0.1782
7.2000 0.4600 0.1785
7.2000 0.4800 0.1789
7.2000 0.5000 0.1792
7.2000 0.5200 0.1795
7.2000 0.5400 0.1797
7.2000 0.5600 0.1799
7.2000 0.5800 0.1802
7.4000 0.1600 0.1517
7.4000 0.1800 0.1571
7.4000 0.2000 0.1608
7.4000 0.2200 0.1635
7.4000 0.2400 0.1655
7.4000 0.2600 0.1671
7.4000 0.2800 0.1684
7.4000 0.3000 0.1694
7.4000 0.3200 0.1703
7.4000 0.3400 0.1711
7.4000 0.3600 0.1717
7.4000 0.3800 0.1723
7.4000 0.4000 0.1728
7.4000 0.4200 0.1733
7.4000 0.4400 0.1737
7.4000 0.4600 0.1741
7.4000 0.4800 0.1744
7.4000 0.5000 0.1747
7.4000 0.5200 0.1750
7.4000 0.5400 0.1752
7.4000 0.5600 0.1755
7.4000 0.5800 0.1757
7.6000 0.1600 0.1473
7.6000 0.1800 0.1527
7.6000 0.2000 0.1564
7.6000 0.2200 0.1591
7.6000 0.2400 0.1611
7.6000 0.2600 0.1627
7.6000 0.2800 0.1640
7.6000 0.3000 0.1651
7.6000 0.3200 0.1660
7.6000 0.3400 0.1668
7.6000 0.3600 0.1674
7.6000 0.3800 0.1680
7.6000 0.4000 0.1685
7.6000 0.4200 0.1690
7.6000 0.4400 0.1694
7.6000 0.4600 0.1698
7.6000 0.4800 0.1701
7.6000 0.5000 0.1704
7.6000 0.5200 0.1707
7.6000 0.5400 0.1710
7.6000 0.5600 0.1712
7.6000 0.5800 0.1714
7.8000 0.1600 0.1431
7.8000 0.1800 0.1485
7.8000 0.2000 0.1522
7.8000 0.2200 0.1549
7.8000 0.2400 0.1570
7.8000 0.2600 0.1586
7.8000 0.2800 0.1599
7.8000 0.3000 0.1610
7.8000 0.3200 0.1619
7.8000 0.3400 0.1627
7.8000 0.3600 0.1634
7.8000 0.3800 0.1639
7.8000 0.4000 0.1645
7.8000 0.4200 0.1649
7.8000 0.4400 0.1654
7.8000 0.4600 0.1657
7.8000 0.4800 0.1661
7.8000 0.5000 0.1664
7.8000 0.5200 0.1667
7.8000 0.5400 0.1669
7.8000 0.5600 0.1672
7.8000 0.5800 0.1674
8.0000 0.1600 0.1390
8.0000 0.1800 0.1445
8.0000 0.2000 0.1483
8.0000 0.2200 0.1510
8.0000 0.2400 0.1530
8.0000 0.2600 0.1547
8.0000 0.2800 0.1560
8.0000 0.3000 0.1571
8.0000 0.3200 0.1580
8.0000 0.3400 0.1588
8.0000 0.3600 0.1595
8.0000 0.3800 0.1601
8.0000 0.4000 0.1606
8.0000 0.4200 0.1611
8.0000 0.4400 0.1615
8.0000 0.4600 0.1619
8.0000 0.4800 0.1622
8.0000 0.5000 0.1625
8.0000 0.5200 0.1628
8.0000 0.5400 0.1631
8.0000 0.5600 0.1633
8.0000 0.5800 0.1636
8.2000 0.1600 0.1352
8.2000 0.1800 0.1407
8.2000 0.2000 0.1445
8.2000 0.2200 0.1472
8.2000 0.2400 0.1493
8.2000 0.2600 0.1509
8.2000 0.2800 0.1523
8.2000 0.3000 0.1534
8.2000 0.3200 0.1543
8.2000 0.3400 0.1551
8.2000 0.3600 0.1558
8.2000 0.3800 0.1564
8.2000 0.4000 0.1569
8.2000 0.4200 0.1574
8.2000 0.4400 0.1578
8.2000 0.4600 0.1582
8.2000 0.4800 0.1586
8.2000 0.5000 0.1589
8.2000 0.5200 0.1592
8.2000 0.5400 0.1594
8.2000 0.5600 0.1597
8.2000 0.5800 0.1599
8.4000 0.1600 0.1316
8.4000 0.1800 0.1371
8.4000 0.2000 0.1409
8.4000 0.2200 0.1436
8.4000 0.2400 0.1457
8.4000 0.2600 0.1474
8.4000 0.2800 0.1487
8.4000 0.3000 0.1498
8.4000 0.3200 0.1508
8.4000 0.3400 0.1516
8.4000 0.3600 0.1523
8.4000 0.3800 0.1529
8.4000 0.4000 0.1534
8.4000 0.4200 0.1539
8.4000 0.4400 0.1544
8.4000 0.4600 0.1547
8.4000 0.4800 0.1551
8.4000 0.5000 0.1554
8.4000 0.5200 0.1557
8.4000 0.5400 0.1560
8.4000 0.5600 0.1563
8.4000 0.5800 0.1565
8.6000 0.1600 0.1281
8.6000 0.1800 0.1336
8.6000 0.2000 0.1374
8.6000 0.2200 0.1402
8.6000 0.2400 0.1423
8.6000 0.2600 0.1440
8.6000 0.2800 0.1454
8.6000 0.3000 0.1465
8.6000 0.3200 0.1474
8.6000 0.3400 0.1482
8.6000 0.3600 0.1490
8.6000 0.3800 0.1496
8.6000 0.4000 0.1501
8.6000 0.4200 0.1506
8.6000 0.4400 0.1510
8.6000 0.4600 0.1514
8.6000 0.4800 0.1518
8.6000 0.5000 0.1521
8.6000 0.5200 0.1524
8.6000 0.5400 0.1527
8.6000 0.5600 0.1530
8.6000 0.5800 0.1532
8.8000 0.1600 0.1248
8.8000 0.1800 0.1303
8.8000 0.2000 0.1341
8.8000 0.2200 0.1369
8.8000 0.2400 0.1391
8.8000 0.2600 0.1408
8.8000 0.2800 0.1421
8.8000 0.3000 0.1433
8.8000 0.3200 0.1442
8.8000 0.3400 0.1450
8.8000 0.3600 0.1458
8.8000 0.3800 0.1464
8.8000 0.4000 0.1469
8.8000 0.4200 0.1474
8.8000 0.4400 0.1479
8.8000 0.4600 0.1483
8.8000 0.4800 0.1486
8.8000 0.5000 0.1490
8.8000 0.5200 0.1493
8.8000 0.5400 0.1496
8.8000 0.5600 0.1498
8.8000 0.5800 0.1501
9.0000 0.1600 0.1216
9.0000 0.1800 0.1272
9.0000 0.2000 0.1310
9.0000 0.2200 0.1338
9.0000 0.2400 0.1360
9.0000 0.2600 0.1377
9.0000 0.2800 0.1390
9.0000 0.3000 0.1402
9.0000 0.3200 0.1412
9.0000 0.3400 0.1420
9.0000 0.3600 0.1427
9.0000 0.3800 0.1433
9.0000 0.4000 0.1439
9.0000 0.4200 0.1444
9.0000 0.4400 0.1449
9.0000 0.4600 0.1453
9.0000 0.4800 0.1456
9.0000 0.5000 0.1460
9.0000 0.5200 0.1463
9.0000 0.5400 0.1466
9.0000 0.5600 0.1468
9.0000 0.5800 0.1471
9.2000 0.1600 0.1186
9.2000 0.1800 0.1242
9.2000 0.2000 0.1280
9.2000 0.2200 0.1308
9.2000 0.2400 0.1330
9.2000 0.2600 0.1347
9.2000 0.2800 0.1361
9.2000 0.3000 0.1372
9.2000 0.3200 0.1382
9.2000 0.3400 0.1391
9.2000 0.3600 0.1398
9.2000 0.3800 0.1404
9.2000 0.4000 0.1410
9.2000 0.4200 0.1415
9.2000 0.4400 0.1420
9.2000 0.4600 0.1424
9.2000 0.4800 0.1427
9.2000 0.5000 0.1431
9.2000 0.5200 0.1434
9.2000 0.5400 0.1437
9.2000 0.5600 0.1439
9.2000 0.5800 0.1442
9.4000 0.1600 0.1157
9.4000 0.1800 0.1213
9.4000 0.2000 0.1251
9.4000 0.2200 0.1280
9.4000 0.2400 0.1301
9.4000 0.2600 0.1319
9.4000 0.2800 0.1333
9.4000 0.3000 0.1344
9.4000 0.3200 0.1354
9.4000 0.3400 0.1363
9.4000 0.3600 0.1370
9.4000 0.3800 0.1376
9.4000 0.4000 0.1382
9.4000 0.4200 0.1387
9.4000 0.4400 0.1392
9.4000 0.4600 0.1396
9.4000 0.4800 0.1400
9.4000 0.5000 0.1403
9.4000 0.5200 0.1406
9.4000 0.5400 0.1409
9.4000 0.5600 0.1412
9.4000 0.5800 0.1414
9.6000 0.1600 0.1129
9.6000 0.1800 0.1185
9.6000 0.2000 0.1224
9.6000 0.2200 0.1252
9.6000 0.2400 0.1274
9.6000 0.2600 0.1291
9.6000 0.2800 0.1305
9.6000 0.3000 0.1317
9.6000 0.3200 0.1327
9.6000 0.3400 0.1336
9.6000 0.3600 0.1343
9.6000 0.3800 0.1350
9.6000 0.4000 0.1355
9.6000 0.4200 0.1361
9.6000 0.4400 0.1365
9.6000 0.4600 0.1369
9.6000 0.4800 0.1373
9.6000 0.5000 0.1377
9.6000 0.5200 0.1380
9.6000 0.5400 0.1383
9.6000 0.5600 0.1386
9.6000 0.5800 0.1388
9.8000 0.1600 0.1102
9.8000 0.1800 0.1158
9.8000 0.2000 0.1197
9.8000 0.2200 0.1226
9.8000 0.2400 0.1248
9.8000 0.2600 0.1265
9.8000 0.2800 0.1280
9.8000 0.3000 0.1292
9.8000 0.3200 0.1302
9.8000 0.3400 0.1310
9.8000 0.3600 0.1318
9.8000 0.3800 0.1324
9.8000 0.4000 0.1330
9.8000 0.4200 0.1335
9.8000 0.4400 0.1340
9.8000 0.4600 0.1344
9.8000 0.4800 0.1348
9.8000 0.5000 0.1352
9.8000 0.5200 0.1355
9.8000 0.5400 0.1358
9.8000 0.5600 0.1361
9.8000 0.5800 0.1363
10.0000 0.1600 0.1077
10.0000 0.1800 0.1133
10.0000 0.2000 0.1172
10.0000 0.2200 0.1201
10.0000 0.2400 0.1223
10.0000 0.2600 0.1240
10.0000 0.2800 0.1255
10.0000 0.3000 0.1267
10.0000 0.3200 0.1277
10.0000 0.3400 0.1286
10.0000 0.3600 0.1293
10.0000 0.3800 0.1300
10.0000 0.4000 0.1306
10.0000 0.4200 0.1311
10.0000 0.4400 0.1316
10.0000 0.4600 0.1320
10.0000 0.4800 0.1324
10.0000 0.5000 0.1328
10.0000 0.5200 0.1331
10.0000 0.5400 0.1334
10.0000 0.5600 0.1337
10.0000 0.5800 0.1339
10.2000 0.1600 0.1052
10.2000 0.1800 0.1108
10.2000 0.2000 0.1147
10.2000 0.2200 0.1176
10.2000 0.2400 0.1199
10.2000 0.2600 0.1216
10.2000 0.2800 0.1231
10.2000 0.3000 0.1243
10.2000 0.3200 0.1253
10.2000 0.3400 0.1262
10.2000 0.3600 0.1270
10.2000 0.3800 0.1276
10.2000 0.4000 0.1282
10.2000 0.4200 0.1288
10.2000 0.4400 0.1292
10.2000 0.4600 0.1297
10.2000 0.4800 0.1301
10.2000 0.5000 0.1304
10.2000 0.5200 0.1308
10.2000 0.5400 0.1311
10.2000 0.5600 0.1314
10.2000 0.5800 0.1316
10.4000 0.1600 0.1028
10.4000 0.1800 0.1085
10.4000 0.2000 0.1124
10.4000 0.2200 0.1153
10.4000 0.2400 0.1176
10.4000 0.2600 0.1193
10.4000 0.2800 0.1208
10.4000 0.3000 0.1220
10.4000 0.3200 0.1230
10.4000 0.3400 0.1239
10.4000 0.3600 0.1247
10.4000 0.3800 0.1254
10.4000 0.4000 0.1260
10.4000 0.4200 0.1265
10.4000 0.4400 0.1270
10.4000 0.4600 0.1274
10.4000 0.4800 0.1278
10.4000 0.5000 0.1282
10.4000 0.5200 0.1285
10.4000 0.5400 0.1288
10.4000 0.5600 0.1291
10.4000 0.5800 0.1294
10.6000 0.1600 0.1006
10.6000 0.1800 0.1062
10.6000 0.2000 0.1101
10.6000 0.2200 0.1131
10.6000 0.2400 0.1153
10.6000 0.2600 0.1171
10.6000 0.2800 0.1186
10.6000 0.3000 0.1198
10.6000 0.3200 0.1209
10.6000 0.3400 0.1217
10.6000 0.3600 0.1225
10.6000 0.3800 0.1232
10.6000 0.4000 0.1238
10.6000 0.4200 0.1244
10.6000 0.4400 0.1249
10.6000 0.4600 0.1253
10.6000 0.4800 0.1257
10.6000 0.5000 0.1261
10.6000 0.5200 0.1264
10.6000 0.5400 0.1267
10.6000 0.5600 0.1270
10.6000 0.5800 0.1273
10.8000 0.1600 0.0984
10.8000 0.1800 0.1040
10.8000 0.2000 0.1080
10.8000 0.2200 0.1109
10.8000 0.2400 0.1132
10.8000 0.2600 0.1150
10.8000 0.2800 0.1165
10.8000 0.3000 0.1177
10.8000 0.3200 0.1187
10.8000 0.3400 0.1196
10.8000 0.3600 0.1204
10.8000 0.3800 0.1211
10.8000 0.4000 0.1217
10.8000 0.4200 0.1223
10.8000 0.4400 0.1228
10.8000 0.4600 0.1232
10.8000 0.4800 0.1236
10.8000 0.5000 0.1240
10.8000 0.5200 0.1243
10.8000 0.5400 0.1246
10.8000 0.5600 0.1249
10.8000 0.5800 0.1252
11.0000 0.1600 0.0963
11.0000 0.1800 0.1019
11.0000 0.2000 0.1059
11.0000 0.2200 0.1088
11.0000 0.2400 0.1111
11.0000 0.2600 0.1129
11.0000 0.2800 0.1144
11.0000 0.3000 0.1157
11.0000 0.3200 0.1167
11.0000 0.3400 0.1176
11.0000 0.3600 0.1184
11.0000 0.3800 0.1191
11.0000 0.4000 0.1197
11.0000 0.4200 0.1203
11.0000 0.4400 0.1208
11.0000 0.4600 0.1212
11.0000 0.4800 0.1216
11.0000 0.5000 0.1220
11.0000 0.5200 0.1224
11.0000 0.5400 0.1227
11.0000 0.5600 0.1230
11.0000 0.5800 0.1232
11.2000 0.1600 0.0943
11.2000 0.1800 0.0999
11.2000 0.2000 0.1039
11.2000 0.2200 0.1068
11.2000 0.2400 0.1091
11.2000 0.2600 0.1109
11.2000 0.2800 0.1124
11.2000 0.3000 0.1137
11.2000 0.3200 0.1148
11.2000 0.3400 0.1157
11.2000 0.3600 0.1165
11.2000 0.3800 0.1172
11.2000 0.4000 0.1178
11.2000 0.4200 0.1184
11.2000 0.4400 0.1189
11.2000 0.4600 0.1193
11.2000 0.4800 0.1197
11.2000 0.5000 0.1201
11.2000 0.5200 0.1205
11.2000 0.5400 0.1208
11.2000 0.5600 0.1211
11.2000 0.5800 0.1214
11.4000 0.1600 0.0923
11.4000 0.1800 0.0980
11.4000 0.2000 0.1019
11.4000 0.2200 0.1049
11.4000 0.2400 0.1072
11.4000 0.2600 0.1090
11.4000 0.2800 0.1106
11.4000 0.3000 0.1118
11.4000 0.3200 0.1129
11.4000 0.3400 0.1138
11.4000 0.3600 0.1146
11.4000 0.3800 0.1153
11.4000 0.4000 0.1160
11.4000 0.4200 0.1165
11.4000 0.4400 0.1170
11.4000 0.4600 0.1175
11.4000 0.4800 0.1179
11.4000 0.5000 0.1183
11.4000 0.5200 0.1186
11.4000 0.5400 0.1190
11.4000 0.5600 0.1193
11.4000 0.5800 0.1195
11.6000 0.1600 0.0904
11.6000 0.1800 0.0961
11.6000 0.2000 0.1001
11.6000 0.2200 0.1030
11.6000 0.2400 0.1054
11.6000 0.2600 0.1072
11.6000 0.2800 0.1087
11.6000 0.3000 0.1100
11.6000 0.3200 0.1111
11.6000 0.3400 0.1120
11.6000 0.3600 0.1128
11.6000 0.3800 0.1135
11.6000 0.4000 0.1142
11.6000 0.4200 0.1147
11.6000 0.4400 0.1153
11.6000 0.4600 0.1157
11.6000 0.4800 0.1161
11.6000 0.5000 0.1165
11.6000 0.5200 0.1169
11.6000 0.5400 0.1172
11.6000 0.5600 0.1175
11.6000 0.5800 0.1178
11.8000 0.1600 0.0886
11.8000 0.1800 0.0943
11.8000 0.2000 0.0983
11.8000 0.2200 0.1012
11.8000 0.2400 0.1036
11.8000 0.2600 0.1054
11.8000 0.2800 0.1070
11.8000 0.3000 0.1082
11.8000 0.3200 0.1093
11.8000 0.3400 0.1103
11.8000 0.3600 0.1111
11.8000 0.3800 0.1118
11.8000 0.4000 0.1125
11.8000 0.4200 0.1130
11.8000 0.4400 0.1135
11.8000 0.4600 0.1140
11.8000 0.4800 0.1144
11.8000 0.5000 0.1148
11.8000 0.5200 0.1152
11.8000 0.5400 0.1155
11.8000 0.5600 0.1158
11.8000 0.5800 0.1161
12.0000 0.1600 0.0869
12.0000 0.1800 0.0925
12.0000 0.2000 0.0965
12.0000 0.2200 0.0995
12.0000 0.2400 0.1018
12.0000 0.2600 0.1037
12.0000 0.2800 0.1053
12.0000 0.3000 0.1065
12.0000 0.3200 0.1076
12.0000 0.3400 0.1086
12.0000 0.3600 0.1094
12.0000 0.3800 0.1101
12.0000 0.4000 0.1108
12.0000 0.4200 0.1114
12.0000 0.4400 0.1119
12.0000 0.4600 0.1124
12.0000 0.4800 0.1128
12.0000 0.5000 0.1132
12.0000 0.5200 0.1135
12.0000 0.5400 0.1139
12.0000 0.5600 0.1142
12.0000 0.5800 0.1145
12.2000 0.1600 0.0852
12.2000 0.1800 0.0908
12.2000 0.2000 0.0948
12.2000 0.2200 0.0978
12.2000 0.2400 0.1002
12.2000 0.2600 0.1020
12.2000 0.2800 0.1036
12.2000 0.3000 0.1049
12.2000 0.3200 0.1060
12.2000 0.3400 0.1070
12.2000 0.3600 0.1078
12.2000 0.3800 0.1085
12.2000 0.4000 0.1092
12.2000 0.4200 0.1098
12.2000 0.4400 0.1103
12.2000 0.4600 0.1108
12.2000 0.4800 0.1112
12.2000 0.5000 0.1116
12.2000 0.5200 0.1120
12.2000 0.5400 0.1123
12.2000 0.5600 0.1126
12.2000 0.5800 0.1129
12.4000 0.1600 0.0835
12.4000 0.1800 0.0892
12.4000 0.2000 0.0932
12.4000 0.2200 0.0962
12.4000 0.2400 0.0986
12.4000 0.2600 0.1004
12.4000 0.2800 0.1020
12.4000 0.3000 0.1033
12.4000 0.3200 0.1044
12.4000 0.3400 0.1054
12.4000 0.3600 0.1062
12.4000 0.3800 0.1070
12.4000 0.4000 0.1076
12.4000 0.4200 0.1082
12.4000 0.4400 0.1087
12.4000 0.4600 0.1092
12.4000 0.4800 0.1097
12.4000 0.5000 0.1101
12.4000 0.5200 0.1104
12.4000 0.5400 0.1108
12.4000 0.5600 0.1111
12.4000 0.5800 0.1114
12.6000 0.1600 0.0820
12.6000 0.1800 0.0876
12.6000 0.2000 0.0916
12.6000 0.2200 0.0946
12.6000 0.2400 0.0970
12.6000 0.2600 0.0989
12.6000 0.2800 0.1005
12.6000 0.3000 0.1018
12.6000 0.3200 0.1029
12.6000 0.3400 0.1039
12.6000 0.3600 0.1047
12.6000 0.3800 0.1055
12.6000 0.4000 0.1061
12.6000 0.4200 0.1067
12.6000 0.4400 0.1073
12.6000 0.4600 0.1077
12.6000 0.4800 0.1082
12.6000 0.5000 0.1086
12.6000 0.5200 0.1090
12.6000 0.5400 0.1093
12.6000 0.5600 0.1096
12.6000 0.5800 0.1099
12.8000 0.1600 0.0804
12.8000 0.1800 0.0861
12.8000 0.2000 0.0901
12.8000 0.2200 0.0931
12.8000 0.2400 0.0955
12.8000 0.2600 0.0974
12.8000 0.2800 0.0990
12.8000 0.3000 0.1003
12.8000 0.3200 0.1014
12.8000 0.3400 0.1024
12.8000 0.3600 0.1033
12.8000 0.3800 0.1040
12.8000 0.4000 0.1047
12.8000 0.4200 0.1053
12.8000 0.4400 0.1058
12.8000 0.4600 0.1063
12.8000 0.4800 0.1068
12.8000 0.5000 0.1072
12.8000 0.5200 0.1075
12.8000 0.5400 0.1079
12.8000 0.5600 0.1082
12.8000 0.5800 0.1085
13.0000 0.1600 0.0790
13.0000 0.1800 0.0846
13.0000 0.2000 0.0886
13.0000 0.2200 0.0917
13.0000 0.2400 0.0940
13.0000 0.2600 0.0960
13.0000 0.2800 0.0975
13.0000 0.3000 0.0989
13.0000 0.3200 0.1000
13.0000 0.3400 0.1010
13.0000 0.3600 0.1019
13.0000 0.3800 0.1026
13.0000 0.4000 0.1033
13.0000 0.4200 0.1039
13.0000 0.4400 0.1044
13.0000 0.4600 0.1049
13.0000 0.4800 0.1054
13.0000 0.5000 0.1058
13.0000 0.5200 0.1062
13.0000 0.5400 0.1065
13.0000 0.5600 0.1068
13.0000 0.5800 0.1072
13.2000 0.1600 0.0775
13.2000 0.1800 0.0831
13.2000 0.2000 0.0872
13.2000 0.2200 0.0902
13.2000 0.2400 0.0926
13.2000 0.2600 0.0946
13.2000 0.2800 0.0961
13.2000 0.3000 0.0975
13.2000 0.3200 0.0986
13.2000 0.3400 0.0996
13.2000 0.3600 0.1005
13.2000 0.3800 0.1012
13.2000 0.4000 0.1019
13.2000 0.4200 0.1025
13.2000 0.4400 0.1031
13.2000 0.4600 0.1036
13.2000 0.4800 0.1040
13.2000 0.5000 0.1045
13.2000 0.5200 0.1048
13.2000 0.5400 0.1052
13.2000 0.5600 0.1055
13.2000 0.5800 0.1058
13.4000 0.1600 0.0761
13.4000 0.1800 0.0818
13.4000 0.2000 0.0858
13.4000 0.2200 0.0889
13.4000 0.2400 0.0913
13.4000 0.2600 0.0932
13.4000 0.2800 0.0948
13.4000 0.3000 0.0961
13.4000 0.3200 0.0973
13.4000 0.3400 0.0983
13.4000 0.3600 0.0992
13.4000 0.3800 0.0999
13.4000 0.4000 0.1006
13.4000 0.4200 0.1012
13.4000 0.4400 0.1018
13.4000 0.4600 0.1023
13.4000 0.4800 0.1027
13.4000 0.5000 0.1032
13.4000 0.5200 0.1035
13.4000 0.5400 0.1039
13.4000 0.5600 0.1042
13.4000 0.5800 0.1045
13.6000 0.1600 0.0748
13.6000 0.1800 0.0804
13.6000 0.2000 0.0844
13.6000 0.2200 0.0875
13.6000 0.2400 0.0899
13.6000 0.2600 0.0919
13.6000 0.2800 0.0935
13.6000 0.3000 0.0948
13.6000 0.3200 0.0960
13.6000 0.3400 0.0970
13.6000 0.3600 0.0979
13.6000 0.3800 0.0986
13.6000 0.4000 0.0993
13.6000 0.4200 0.1000
13.6000 0.4400 0.1005
13.6000 0.4600 0.1010
13.6000 0.4800 0.1015
13.6000 0.5000 0.1019
13.6000 0.5200 0.1023
13.6000 0.5400 0.1027
13.6000 0.5600 0.1030
13.6000 0.5800 0.1033
13.8000 0.1600 0.0735
13.8000 0.1800 0.0791
13.8000 0.2000 0.0831
13.8000 0.2200 0.0862
13.8000 0.2400 0.0886
13.8000 0.2600 0.0906
13.8000 0.2800 0.0922
13.8000 0.3000 0.0936
13.8000 0.3200 0.0947
13.8000 0.3400 0.0957
13.8000 0.3600 0.0966
13.8000 0.3800 0.0974
13.8000 0.4000 0.0981
13.8000 0.4200 0.0987
13.8000 0.4400 0.0993
13.8000 0.4600 0.0998
13.8000 0.4800 0.1003
13.8000 0.5000 0.1007
13.8000 0.5200 0.1011
13.8000 0.5400 0.1015
13.8000 0.5600 0.1018
13.8000 0.5800 0.1021
14.0000 0.1600 0.0722
14.0000 0.1800 0.0778
14.0000 0.2000 0.0819
14.0000 0.2200 0.0850
14.0000 0.2400 0.0874
14.0000 0.2600 0.0894
14.0000 0.2800 0.0910
14.0000 0.3000 0.0923
14.0000 0.3200 0.0935
14.0000 0.3400 0.0945
14.0000 0.3600 0.0954
14.0000 0.3800 0.0962
14.0000 0.4000 0.0969
14.0000 0.4200 0.0975
14.0000 0.4400 0.0981
14.0000 0.4600 0.0986
14.0000 0.4800 0.0991
14.0000 0.5000 0.0995
14.0000 0.5200 0.0999
14.0000 0.5400 0.1003
14.0000 0.5600 0.1006
14.0000 0.5800 0.1010
14.2000 0.1600 0.0710
14.2000 0.1800 0.0766
14.2000 0.2000 0.0807
14.2000 0.2200 0.0837
14.2000 0.2400 0.0862
14.2000 0.2600 0.0882
14.2000 0.2800 0.0898
14.2000 0.3000 0.0912
14.2000 0.3200 0.0923
14.2000 0.3400 0.0934
14.2000 0.3600 0.0943
14.2000 0.3800 0.0951
14.2000 0.4000 0.0958
14.2000 0.4200 0.0964
14.2000 0.4400 0.0970
14.2000 0.4600 0.0975
14.2000 0.4800 0.0980
14.2000 0.5000 0.0984
14.2000 0.5200 0.0988
14.2000 0.5400 0.0992
14.2000 0.5600 0.0995
14.2000 0.5800 0.0998
14.4000 0.1600 0.0698
14.4000 0.1800 0.0754
14.4000 0.2000 0.0795
14.4000 0.2200 0.0826
14.4000 0.2400 0.0850
14.4000 0.2600 0.0870
14.4000 0.2800 0.0886
14.4000 0.3000 0.0900
14.4000 0.3200 0.0912
14.4000 0.3400 0.0922
14.4000 0.3600 0.0931
14.4000 0.3800 0.0939
14.4000 0.4000 0.0946
14.4000 0.4200 0.0953
14.4000 0.4400 0.0959
14.4000 0.4600 0.0964
14.4000 0.4800 0.0969
14.4000 0.5000 0.0973
14.4000 0.5200 0.0977
14.4000 0.5400 0.0981
14.4000 0.5600 0.0984
14.4000 0.5800 0.0987
14.6000 0.1600 0.0687
14.6000 0.1800 0.0743
14.6000 0.2000 0.0783
14.6000 0.2200 0.0814
14.6000 0.2400 0.0839
14.6000 0.2600 0.0858
14.6000 0.2800 0.0875
14.6000 0.3000 0.0889
14.6000 0.3200 0.0901
14.6000 0.3400 0.0911
14.6000 0.3600 0.0920
14.6000 0.3800 0.0928
14.6000 0.4000 0.0935
14.6000 0.4200 0.0942
14.6000 0.4400 0.0948
14.6000 0.4600 0.0953
14.6000 0.4800 0.0958
14.6000 0.5000 0.0962
14.6000 0.5200 0.0966
14.6000 0.5400 0.0970
14.6000 0.5600 0.0974
14.6000 0.5800 0.0977
14.8000 0.1600 0.0676
14.8000 0.1800 0.0731
14.8000 0.2000 0.0772
14.8000 0.2200 0.0803
14.8000 0.2400 0.0827
14.8000 0.2600 0.0847
14.8000 0.2800 0.0864
14.8000 0.3000 0.0878
14.8000 0.3200 0.0890
14.8000 0.3400 0.0900
14.8000 0.3600 0.0910
14.8000 0.3800 0.0918
14.8000 0.4000 0.0925
14.8000 0.4200 0.0931
14.8000 0.4400 0.0937
14.8000 0.4600 0.0943
14.8000 0.4800 0.0947
14.8000 0.5000 0.0952
14.8000 0.5200 0.0956
14.8000 0.5400 0.0960
14.8000 0.5600 0.0963
14.8000 0.5800 0.0967
15.0000 0.1600 0.0665
15.0000 0.1800 0.0720
15.0000 0.2000 0.0761
15.0000 0.2200 0.0792
15.0000 0.2400 0.0817
15.0000 0.2600 0.0837
15.0000 0.2800 0.0853
15.0000 0.3000 0.0867
15.0000 0.3200 0.0879
15.0000 0.3400 0.0890
15.0000 0.3600 0.0899
15.0000 0.3800 0.0907
15.0000 0.4000 0.0915
15.0000 0.4200 0.0921
15.0000 0.4400 0.0927
15.0000 0.4600 0.0932
15.0000 0.4800 0.0937
15.0000 0.5000 0.0942
15.0000 0.5200 0.0946
15.0000 0.5400 0.0950
15.0000 0.5600 0.0953
15.0000 0.5800 0.0957
15.2000 0.1600 0.0654
15.2000 0.1800 0.0710
15.2000 0.2000 0.0750
15.2000 0.2200 0.0781
15.2000 0.2400 0.0806
15.2000 0.2600 0.0826
15.2000 0.2800 0.0843
15.2000 0.3000 0.0857
15.2000 0.3200 0.0869
15.2000 0.3400 0.0880
15.2000 0.3600 0.0889
15.2000 0.3800 0.0897
15.2000 0.4000 0.0905
15.2000 0.4200 0.0911
15.2000 0.4400 0.0917
15.2000 0.4600 0.0923
15.2000 0.4800 0.0927
15.2000 0.5000 0.0932
15.2000 0.5200 0.0936
15.2000 0.5400 0.0940
15.2000 0.5600 0.0944
15.2000 0.5800 0.0947
15.4000 0.1600 0.0644
15.4000 0.1800 0.0699
15.4000 0.2000 0.0740
15.4000 0.2200 0.0771
15.4000 0.2400 0.0796
15.4000 0.2600 0.0816
15.4000 0.2800 0.0833
15.4000 0.3000 0.0847
15.4000 0.3200 0.0859
15.4000 0.3400 0.0870
15.4000 0.3600 0.0879
15.4000 0.3800 0.0888
15.4000 0.4000 0.0895
15.4000 0.4200 0.0902
15.4000 0.4400 0.0908
15.4000 0.4600 0.0913
15.4000 0.4800 0.0918
15.4000 0.5000 0.0923
15.4000 0.5200 0.0927
15.4000 0.5400 0.0931
15.4000 0.5600 0.0934
15.4000 0.5800 0.0938
15.6000 0.1600 0.0634
15.6000 0.1800 0.0689
15.6000 0.2000 0.0730
15.6000 0.2200 0.0761
15.6000 0.2400 0.0786
15.6000 0.2600 0.0806
15.6000 0.2800 0.0823
15.6000 0.3000 0.0837
15.6000 0.3200 0.0850
15.6000 0.3400 0.0860
15.6000 0.3600 0.0870
15.6000 0.3800 0.0878
15.6000 0.4000 0.0886
15.6000 0.4200 0.0892
15.6000 0.4400 0.0898
15.6000 0.4600 0.0904
15.6000 0.4800 0.0909
15.6000 0.5000 0.0913
15.6000 0.5200 0.0918
15.6000 0.5400 0.0922
15.6000 0.5600 0.0925
15.6000 0.5800 0.0929
15.8000 0.1600 0.0625
15.8000 0.1800 0.0680
15.8000 0.2000 0.0720
15.8000 0.2200 0.0752
15.8000 0.2400 0.0776
15.8000 0.2600 0.0797
15.8000 0.2800 0.0814
15.8000 0.3000 0.0828
15.8000 0.3200 0.0840
15.8000 0.3400 0.0851
15.8000 0.3600 0.0861
15.8000 0.3800 0.0869
15.8000 0.4000 0.0876
15.8000 0.4200 0.0883
15.8000 0.4400 0.0889
15.8000 0.4600 0.0895
15.8000 0.4800 0.0900
15.8000 0.5000 0.0904
15.8000 0.5200 0.0909
15.8000 0.5400 0.0913
15.8000 0.5600 0.0916
15.8000 0.5800 0.0920
16.0000 0.1600 0.0615
16.0000 0.1800 0.0670
16.0000 0.2000 0.0711
16.0000 0.2200 0.0742
16.0000 0.2400 0.0767
16.0000 0.2600 0.0787
16.0000 0.2800 0.0804
16.0000 0.3000 0.0819
16.0000 0.3200 0.0831
16.0000 0.3400 0.0842
16.0000 0.3600 0.0852
16.0000 0.3800 0.0860
16.0000 0.4000 0.0867
16.0000 0.4200 0.0874
16.0000 0.4400 0.0880
16.0000 0.4600 0.0886
16.0000 0.4800 0.0891
16.0000 0.5000 0.0896
16.0000 0.5200 0.0900
16.0000 0.5400 0.0904
16.0000 0.5600 0.0908
16.0000 0.5800 0.0911
16.2000 0.1600 0.0606
16.2000 0.1800 0.0661
16.2000 0.2000 0.0701
16.2000 0.2200 0.0733
16.2000 0.2400 0.0758
16.2000 0.2600 0.0778
16.2000 0.2800 0.0795
16.2000 0.3000 0.0810
16.2000 0.3200 0.0822
16.2000 0.3400 0.0833
16.2000 0.3600 0.0843
16.2000 0.3800 0.0851
16.2000 0.4000 0.0859
16.2000 0.4200 0.0866
16.2000 0.4400 0.0872
16.2000 0.4600 0.0877
16.2000 0.4800 0.0883
16.2000 0.5000 0.0887
16.2000 0.5200 0.0892
16.2000 0.5400 0.0896
16.2000 0.5600 0.0899
16.2000 0.5800 0.0903
16.4000 0.1600 0.0597
16.4000 0.1800 0.0652
16.4000 0.2000 0.0692
16.4000 0.2200 0.0724
16.4000 0.2400 0.0749
16.4000 0.2600 0.0769
16.4000 0.2800 0.0787
16.4000 0.3000 0.0801
16.4000 0.3200 0.0814
16.4000 0.3400 0.0825
16.4000 0.3600 0.0834
16.4000 0.3800 0.0843
16.4000 0.4000 0.0850
16.4000 0.4200 0.0857
16.4000 0.4400 0.0863
16.4000 0.4600 0.0869
16.4000 0.4800 0.0874
16.4000 0.5000 0.0879
16.4000 0.5200 0.0883
16.4000 0.5400 0.0888
16.4000 0.5600 0.0891
16.4000 0.5800 0.0895
16.6000 0.1600 0.0588
16.6000 0.1800 0.0643
16.6000 0.2000 0.0684
16.6000 0.2200 0.0715
16.6000 0.2400 0.0740
16.6000 0.2600 0.0761
16.6000 0.2800 0.0778
16.6000 0.3000 0.0793
16.6000 0.3200 0.0805
16.6000 0.3400 0.0816
16.6000 0.3600 0.0826
16.6000 0.3800 0.0834
16.6000 0.4000 0.0842
16.6000 0.4200 0.0849
16.6000 0.4400 0.0855
16.6000 0.4600 0.0861
16.6000 0.4800 0.0866
16.6000 0.5000 0.0871
16.6000 0.5200 0.0875
16.6000 0.5400 0.0880
16.6000 0.5600 0.0883
16.6000 0.5800 0.0887
16.8000 0.1600 0.0580
16.8000 0.1800 0.0635
16.8000 0.2000 0.0675
16.8000 0.2200 0.0707
16.8000 0.2400 0.0732
16.8000 0.2600 0.0752
16.8000 0.2800 0.0770
16.8000 0.3000 0.0784
16.8000 0.3200 0.0797
16.8000 0.3400 0.0808
16.8000 0.3600 0.0818
16.8000 0.3800 0.0826
16.8000 0.4000 0.0834
16.8000 0.4200 0.0841
16.8000 0.4400 0.0847
16.8000 0.4600 0.0853
16.8000 0.4800 0.0858
16.8000 0.5000 0.0863
16.8000 0.5200 0.0868
16.8000 0.5400 0.0872
16.8000 0.5600 0.0876
16.8000 0.5800 0.0879
17.0000 0.1600 0.0572
17.0000 0.1800 0.0626
17.0000 0.2000 0.0667
17.0000 0.2200 0.0698
17.0000 0.2400 0.0724
17.0000 0.2600 0.0744
17.0000 0.2800 0.0762
17.0000 0.3000 0.0776
17.0000 0.3200 0.0789
17.0000 0.3400 0.0800
17.0000 0.3600 0.0810
17.0000 0.3800 0.0819
17.0000 0.4000 0.0826
17.0000 0.4200 0.0833
17.0000 0.4400 0.0840
17.0000 0.4600 0.0846
17.0000 0.4800 0.0851
17.0000 0.5000 0.0856
17.0000 0.5200 0.0860
17.0000 0.5400 0.0864
17.0000 0.5600 0.0868
17.0000 0.5800 0.0872
17.2000 0.1600 0.0564
17.2000 0.1800 0.0618
17.2000 0.2000 0.0659
17.2000 0.2200 0.0690
17.2000 0.2400 0.0715
17.2000 0.2600 0.0736
17.2000 0.2800 0.0754
17.2000 0.3000 0.0768
17.2000 0.3200 0.0781
17.2000 0.3400 0.0792
17.2000 0.3600 0.0802
17.2000 0.3800 0.0811
17.2000 0.4000 0.0819
17.2000 0.4200 0.0826
17.2000 0.4400 0.0832
17.2000 0.4600 0.0838
17.2000 0.4800 0.0843
17.2000 0.5000 0.0848
17.2000 0.5200 0.0853
17.2000 0.5400 0.0857
17.2000 0.5600 0.0861
17.2000 0.5800 0.0865
17.4000 0.1600 0.0556
17.4000 0.1800 0.0610
17.4000 0.2000 0.0651
17.4000 0.2200 0.0682
17.4000 0.2400 0.0708
17.4000 0.2600 0.0728
17.4000 0.2800 0.0746
17.4000 0.3000 0.0761
17.4000 0.3200 0.0774
17.4000 0.3400 0.0785
17.4000 0.3600 0.0795
17.4000 0.3800 0.0804
17.4000 0.4000 0.0811
17.4000 0.4200 0.0819
17.4000 0.4400 0.0825
17.4000 0.4600 0.0831
17.4000 0.4800 0.0836
17.4000 0.5000 0.0841
17.4000 0.5200 0.0846
17.4000 0.5400 0.0850
17.4000 0.5600 0.0854
17.4000 0.5800 0.0858
17.6000 0.1600 0.0548
17.6000 0.1800 0.0602
17.6000 0.2000 0.0643
17.6000 0.2200 0.0675
17.6000 0.2400 0.0700
17.6000 0.2600 0.0721
17.6000 0.2800 0.0738
17.6000 0.3000 0.0753
17.6000 0.3200 0.0766
17.6000 0.3400 0.0777
17.6000 0.3600 0.0787
17.6000 0.3800 0.0796
17.6000 0.4000 0.0804
17.6000 0.4200 0.0811
17.6000 0.4400 0.0818
17.6000 0.4600 0.0824
17.6000 0.4800 0.0829
17.6000 0.5000 0.0834
17.6000 0.5200 0.0839
17.6000 0.5400 0.0843
17.6000 0.5600 0.0847
17.6000 0.5800 0.0851
17.8000 0.1600 0.0541
17.8000 0.1800 0.0595
17.8000 0.2000 0.0635
17.8000 0.2200 0.0667
17.8000 0.2400 0.0692
17.8000 0.2600 0.0713
17.8000 0.2800 0.0731
17.8000 0.3000 0.0746
17.8000 0.3200 0.0759
17.8000 0.3400 0.0770
17.8000 0.3600 0.0780
17.8000 0.3800 0.0789
17.8000 0.4000 0.0797
17.8000 0.4200 0.0804
17.8000 0.4400 0.0811
17.8000 0.4600 0.0817
17.8000 0.4800 0.0822
17.8000 0.5000 0.0827
17.8000 0.5200 0.0832
17.8000 0.5400 0.0836
17.8000 0.5600 0.0840
17.8000 0.5800 0.0844
18.0000 0.1600 0.0534
18.0000 0.1800 0.0588
18.0000 0.2000 0.0628
18.0000 0.2200 0.0660
18.0000 0.2400 0.0685
18.0000 0.2600 0.0706
18.0000 0.2800 0.0724
18.0000 0.3000 0.0739
18.0000 0.3200 0.0752
18.0000 0.3400 0.0763
18.0000 0.3600 0.0773
18.0000 0.3800 0.0782
18.0000 0.4000 0.0790
18.0000 0.4200 0.0798
18.0000 0.4400 0.0804
18.0000 0.4600 0.0810
18.0000 0.4800 0.0816
18.0000 0.5000 0.0821
18.0000 0.5200 0.0825
18.0000 0.5400 0.0830
18.0000 0.5600 0.0834
18.0000 0.5800 0.0837
18.2000 0.1600 0.0527
18.2000 0.1800 0.0580
18.2000 0.2000 0.0621
18.2000 0.2200 0.0652
18.2000 0.2400 0.0678
18.2000 0.2600 0.0699
18.2000 0.2800 0.0717
18.2000 0.3000 0.0732
18.2000 0.3200 0.0745
18.2000 0.3400 0.0756
18.2000 0.3600 0.0767
18.2000 0.3800 0.0776
18.2000 0.4000 0.0784
18.2000 0.4200 0.0791
18.2000 0.4400 0.0798
18.2000 0.4600 0.0804
18.2000 0.4800 0.0809
18.2000 0.5000 0.0814
18.2000 0.5200 0.0819
18.2000 0.5400 0.0823
18.2000 0.5600 0.0827
18.2000 0.5800 0.0831
18.4000 0.1600 0.0520
18.4000 0.1800 0.0573
18.4000 0.2000 0.0614
18.4000 0.2200 0.0645
18.4000 0.2400 0.0671
18.4000 0.2600 0.0692
18.4000 0.2800 0.0710
18.4000 0.3000 0.0725
18.4000 0.3200 0.0738
18.4000 0.3400 0.0750
18.4000 0.3600 0.0760
18.4000 0.3800 0.0769
18.4000 0.4000 0.0777
18.4000 0.4200 0.0784
18.4000 0.4400 0.0791
18.4000 0.4600 0.0797
18.4000 0.4800 0.0803
18.4000 0.5000 0.0808
18.4000 0.5200 0.0813
18.4000 0.5400 0.0817
18.4000 0.5600 0.0821
18.4000 0.5800 0.0825
18.6000 0.1600 0.0513
18.6000 0.1800 0.0567
18.6000 0.2000 0.0607
18.6000 0.2200 0.0639
18.6000 0.2400 0.0664
18.6000 0.2600 0.0685
18.6000 0.2800 0.0703
18.6000 0.3000 0.0719
18.6000 0.3200 0.0732
18.6000 0.3400 0.0743
18.6000 0.3600 0.0753
18.6000 0.3800 0.0763
18.6000 0.4000 0.0771
18.6000 0.4200 0.0778
18.6000 0.4400 0.0785
18.6000 0.4600 0.0791
18.6000 0.4800 0.0797
18.6000 0.5000 0.0802
18.6000 0.5200 0.0807
18.6000 0.5400 0.0811
18.6000 0.5600 0.0815
18.6000 0.5800 0.0819
18.8000 0.1600 0.0507
18.8000 0.1800 0.0560
18.8000 0.2000 0.0600
18.8000 0.2200 0.0632
18.8000 0.2400 0.0658
18.8000 0.2600 0.0679
18.8000 0.2800 0.0697
18.8000 0.3000 0.0712
18.8000 0.3200 0.0725
18.8000 0.3400 0.0737
18.8000 0.3600 0.0747
18.8000 0.3800 0.0756
18.8000 0.4000 0.0765
18.8000 0.4200 0.0772
18.8000 0.4400 0.0779
18.8000 0.4600 0.0785
18.8000 0.4800 0.0791
18.8000 0.5000 0.0796
18.8000 0.5200 0.0801
18.8000 0.5400 0.0805
18.8000 0.5600 0.0809
18.8000 0.5800 0.0813
19.0000 0.1600 0.0500
19.0000 0.1800 0.0553
19.0000 0.2000 0.0594
19.0000 0.2200 0.0625
19.0000 0.2400 0.0651
19.0000 0.2600 0.0672
19.0000 0.2800 0.0690
19.0000 0.3000 0.0706
19.0000 0.3200 0.0719
19.0000 0.3400 0.0731
19.0000 0.3600 0.0741
19.0000 0.3800 0.0750
19.0000 0.4000 0.0758
19.0000 0.4200 0.0766
19.0000 0.4400 0.0773
19.0000 0.4600 0.0779
19.0000 0.4800 0.0785
19.0000 0.5000 0.0790
19.0000 0.5200 0.0795
19.0000 0.5400 0.0799
19.0000 0.5600 0.0803
19.0000 0.5800 0.0807
19.2000 0.1600 0.0494
19.2000 0.1800 0.0547
19.2000 0.2000 0.0587
19.2000 0.2200 0.0619
19.2000 0.2400 0.0645
19.2000 0.2600 0.0666
19.2000 0.2800 0.0684
19.2000 0.3000 0.0699
19.2000 0.3200 0.0713
19.2000 0.3400 0.0725
19.2000 0.3600 0.0735
19.2000 0.3800 0.0744
19.2000 0.4000 0.0753
19.2000 0.4200 0.0760
19.2000 0.4400 0.0767
19.2000 0.4600 0.0773
19.2000 0.4800 0.0779
19.2000 0.5000 0.0784
19.2000 0.5200 0.0789
19.2000 0.5400 0.0794
19.2000 0.5600 0.0798
19.2000 0.5800 0.0802
19.4000 0.1600 0.0488
19.4000 0.1800 0.0541
19.4000 0.2000 0.0581
19.4000 0.2200 0.0613
19.4000 0.2400 0.0638
19.4000 0.2600 0.0660
19.4000 0.2800 0.0678
19.4000 0.3000 0.0693
19.4000 0.3200 0.0707
19.4000 0.3400 0.0719
19.4000 0.3600 0.0729
19.4000 0.3800 0.0738
19.4000 0.4000 0.0747
19.4000 0.4200 0.0754
19.4000 0.4400 0.0761
19.4000 0.4600 0.0767
19.4000 0.4800 0.0773
19.4000 0.5000 0.0779
19.4000 0.5200 0.0783
19.4000 0.5400 0.0788
19.4000 0.5600 0.0792
19.4000 0.5800 0.0796
19.6000 0.1600 0.0482
19.6000 0.1800 0.0535
19.6000 0.2000 0.0575
19.6000 0.2200 0.0607
19.6000 0.2400 0.0632
19.6000 0.2600 0.0654
19.6000 0.2800 0.0672
19.6000 0.3000 0.0688
19.6000 0.3200 0.0701
19.6000 0.3400 0.0713
19.6000 0.3600 0.0723
19.6000 0.3800 0.0733
19.6000 0.4000 0.0741
19.6000 0.4200 0.0749
19.6000 0.4400 0.0756
19.6000 0.4600 0.0762
19.6000 0.4800 0.0768
19.6000 0.5000 0.0773
19.6000 0.5200 0.0778
19.6000 0.5400 0.0783
19.6000 0.5600 0.0787
19.6000 0.5800 0.0791
19.8000 0.1600 0.0476
19.8000 0.1800 0.0529
19.8000 0.2000 0.0569
19.8000 0.2200 0.0601
19.8000 0.2400 0.0627
19.8000 0.2600 0.0648
19.8000 0.2800 0.0666
19.8000 0.3000 0.0682
19.8000 0.3200 0.0695
19.8000 0.3400 0.0707
19.8000 0.3600 0.0718
19.8000 0.3800 0.0727
19.8000 0.4000 0.0736
19.8000 0.4200 0.0743
19.8000 0.4400 0.0750
19.8000 0.4600 0.0757
19.8000 0.4800 0.0762
19.8000 0.5000 0.0768
19.8000 0.5200 0.0773
19.8000 0.5400 0.0777
19.8000 0.5600 0.0782
19.8000 0.5800 0.0786
20.0000 0.1600 0.0471
20.0000 0.1800 0.0523
20.0000 0.2000 0.0563
20.0000 0.2200 0.0595
20.0000 0.2400 0.0621
20.0000 0.2600 0.0642
20.0000 0.2800 0.0660
20.0000 0.3000 0.0676
20.0000 0.3200 0.0690
20.0000 0.3400 0.0702
20.0000 0.3600 0.0712
20.0000 0.3800 0.0722
20.0000 0.4000 0.0730
20.0000 0.4200 0.0738
20.0000 0.4400 0.0745
20.0000 0.4600 0.0751
20.0000 0.4800 0.0757
20.0000 0.5000 0.0763
20.0000 0.5200 0.0768
20.0000 0.5400 0.0772
20.0000 0.5600 0.0777
20.0000 0.5800 0.0781
20.2000 0.1600 0.0465
20.2000 0.1800 0.0517
20.2000 0.2000 0.0557
20.2000 0.2200 0.0589
20.2000 0.2400 0.0615
20.2000 0.2600 0.0637
20.2000 0.2800 0.0655
20.2000 0.3000 0.0671
20.2000 0.3200 0.0684
20.2000 0.3400 0.0696
20.2000 0.3600 0.0707
20.2000 0.3800 0.0716
20.2000 0.4000 0.0725
20.2000 0.4200 0.0733
20.2000 0.4400 0.0740
20.2000 0.4600 0.0746
20.2000 0.4800 0.0752
20.2000 0.5000 0.0757
20.2000 0.5200 0.0762
20.2000 0.5400 0.0767
20.2000 0.5600 0.0772
20.2000 0.5800 0.0776
20.4000 0.1600 0.0460
20.4000 0.1800 0.0512
20.4000 0.2000 0.0552
20.4000 0.2200 0.0583
20.4000 0.2400 0.0609
20.4000 0.2600 0.0631
20.4000 0.2800 0.0649
20.4000 0.3000 0.0665
20.4000 0.3200 0.0679
20.4000 0.3400 0.0691
20.4000 0.3600 0.0702
20.4000 0.3800 0.0711
20.4000 0.4000 0.0720
20.4000 0.4200 0.0727
20.4000 0.4400 0.0735
20.4000 0.4600 0.0741
20.4000 0.4800 0.0747
20.4000 0.5000 0.0752
20.4000 0.5200 0.0758
20.4000 0.5400 0.0762
20.4000 0.5600 0.0767
20.4000 0.5800 0.0771
20.6000 0.1600 0.0454
20.6000 0.1800 0.0506
20.6000 0.2000 0.0546
20.6000 0.2200 0.0578
20.6000 0.2400 0.0604
20.6000 0.2600 0.0626
20.6000 0.2800 0.0644
20.6000 0.3000 0.0660
20.6000 0.3200 0.0674
20.6000 0.3400 0.0686
20.6000 0.3600 0.0696
20.6000 0.3800 0.0706
20.6000 0.4000 0.0715
20.6000 0.4200 0.0722
20.6000 0.4400 0.0730
20.6000 0.4600 0.0736
20.6000 0.4800 0.0742
20.6000 0.5000 0.0748
20.6000 0.5200 0.0753
20.6000 0.5400 0.0757
20.6000 0.5600 0.0762
20.6000 0.5800 0.0766
20.8000 0.1600 0.0449
20.8000 0.1800 0.0501
20.8000 0.2000 0.0541
20.8000 0.2200 0.0573
20.8000 0.2400 0.0599
20.8000 0.2600 0.0620
20.8000 0.2800 0.0639
20.8000 0.3000 0.0655
20.8000 0.3200 0.0668
20.8000 0.3400 0.0681
20.8000 0.3600 0.0691
20.8000 0.3800 0.0701
20.8000 0.4000 0.0710
20.8000 0.4200 0.0718
20.8000 0.4400 0.0725
20.8000 0.4600 0.0731
20.8000 0.4800 0.0737
20.8000 0.5000 0.0743
20.8000 0.5200 0.0748
20.8000 0.5400 0.0753
20.8000 0.5600 0.0757
20.8000 0.5800 0.0761
21.0000 0.1600 0.0444
21.0000 0.1800 0.0496
21.0000 0.2000 0.0536
21.0000 0.2200 0.0567
21.0000 0.2400 0.0593
21.0000 0.2600 0.0615
21.0000 0.2800 0.0634
21.0000 0.3000 0.0650
21.0000 0.3200 0.0663
21.0000 0.3400 0.0676
21.0000 0.3600 0.0686
21.0000 0.3800 0.0696
21.0000 0.4000 0.0705
21.0000 0.4200 0.0713
21.0000 0.4400 0.0720
21.0000 0.4600 0.0727
21.0000 0.4800 0.0733
21.0000 0.5000 0.0738
21.0000 0.5200 0.0743
21.0000 0.5400 0.0748
21.0000 0.5600 0.0753
21.0000 0.5800 0.0757
21.2000 0.1600 0.0439
21.2000 0.1800 0.0491
21.2000 0.2000 0.0530
21.2000 0.2200 0.0562
21.2000 0.2400 0.0588
21.2000 0.2600 0.0610
21.2000 0.2800 0.0629
21.2000 0.3000 0.0645
21.2000 0.3200 0.0658
21.2000 0.3400 0.0671
21.2000 0.3600 0.0682
21.2000 0.3800 0.0691
21.2000 0.4000 0.0700
21.2000 0.4200 0.0708
21.2000 0.4400 0.0715
21.2000 0.4600 0.0722
21.2000 0.4800 0.0728
21.2000 0.5000 0.0734
21.2000 0.5200 0.0739
21.2000 0.5400 0.0744
21.2000 0.5600 0.0748
21.2000 0.5800 0.0752
21.4000 0.1600 0.0434
21.4000 0.1800 0.0486
21.4000 0.2000 0.0525
21.4000 0.2200 0.0557
21.4000 0.2400 0.0583
21.4000 0.2600 0.0605
21.4000 0.2800 0.0624
21.4000 0.3000 0.0640
21.4000 0.3200 0.0654
21.4000 0.3400 0.0666
21.4000 0.3600 0.0677
21.4000 0.3800 0.0687
21.4000 0.4000 0.0695
21.4000 0.4200 0.0703
21.4000 0.4400 0.0711
21.4000 0.4600 0.0717
21.4000 0.4800 0.0724
21.4000 0.5000 0.0729
21.4000 0.5200 0.0734
21.4000 0.5400 0.0739
21.4000 0.5600 0.0744
21.4000 0.5800 0.0748
21.6000 0.1600 0.0429
21.6000 0.1800 0.0481
21.6000 0.2000 0.0520
21.6000 0.2200 0.0552
21.6000 0.2400 0.0578
21.6000 0.2600 0.0600
21.6000 0.2800 0.0619
21.6000 0.3000 0.0635
21.6000 0.3200 0.0649
21.6000 0.3400 0.0661
21.6000 0.3600 0.0672
21.6000 0.3800 0.0682
21.6000 0.4000 0.0691
21.6000 0.4200 0.0699
21.6000 0.4400 0.0706
21.6000 0.4600 0.0713
21.6000 0.4800 0.0719
21.6000 0.5000 0.0725
21.6000 0.5200 0.0730
21.6000 0.5400 0.0735
21.6000 0.5600 0.0740
21.6000 0.5800 0.0744
21.8000 0.1600 0.0425
21.8000 0.1800 0.0476
21.8000 0.2000 0.0516
21.8000 0.2200 0.0547
21.8000 0.2400 0.0574
21.8000 0.2600 0.0595
21.8000 0.2800 0.0614
21.8000 0.3000 0.0630
21.8000 0.3200 0.0644
21.8000 0.3400 0.0657
21.8000 0.3600 0.0668
21.8000 0.3800 0.0678
21.8000 0.4000 0.0686
21.8000 0.4200 0.0695
21.8000 0.4400 0.0702
21.8000 0.4600 0.0709
21.8000 0.4800 0.0715
21.8000 0.5000 0.0721
21.8000 0.5200 0.0726
21.8000 0.5400 0.0731
21.8000 0.5600 0.0736
21.8000 0.5800 0.0740
22.0000 0.1600 0.0420
22.0000 0.1800 0.0471
22.0000 0.2000 0.0511
22.0000 0.2200 0.0543
22.0000 0.2400 0.0569
22.0000 0.2600 0.0591
22.0000 0.2800 0.0609
22.0000 0.3000 0.0626
22.0000 0.3200 0.0640
22.0000 0.3400 0.0652
22.0000 0.3600 0.0663
22.0000 0.3800 0.0673
22.0000 0.4000 0.0682
22.0000 0.4200 0.0690
22.0000 0.4400 0.0698
22.0000 0.4600 0.0704
22.0000 0.4800 0.0711
22.0000 0.5000 0.0716
22.0000 0.5200 0.0722
22.0000 0.5400 0.0727
22.0000 0.5600 0.0731
22.0000 0.5800 0.0736
22.2000 0.1600 0.0416
22.2000 0.1800 0.0467
22.2000 0.2000 0.0506
22.2000 0.2200 0.0538
22.2000 0.2400 0.0564
22.2000 0.2600 0.0586
22.2000 0.2800 0.0605
22.2000 0.3000 0.0621
22.2000 0.3200 0.0635
22.2000 0.3400 0.0648
22.2000 0.3600 0.0659
22.2000 0.3800 0.0669
22.2000 0.4000 0.0678
22.2000 0.4200 0.0686
22.2000 0.4400 0.0693
22.2000 0.4600 0.0700
22.2000 0.4800 0.0707
22.2000 0.5000 0.0712
22.2000 0.5200 0.0718
22.2000 0.5400 0.0723
22.2000 0.5600 0.0727
22.2000 0.5800 0.0732
22.4000 0.1600 0.0411
22.4000 0.1800 0.0462
22.4000 0.2000 0.0502
22.4000 0.2200 0.0533
22.4000 0.2400 0.0560
22.4000 0.2600 0.0582
22.4000 0.2800 0.0600
22.4000 0.3000 0.0617
22.4000 0.3200 0.0631
22.4000 0.3400 0.0643
22.4000 0.3600 0.0655
22.4000 0.3800 0.0665
22.4000 0.4000 0.0674
22.4000 0.4200 0.0682
22.4000 0.4400 0.0689
22.4000 0.4600 0.0696
22.4000 0.4800 0.0703
22.4000 0.5000 0.0708
22.4000 0.5200 0.0714
22.4000 0.5400 0.0719
22.4000 0.5600 0.0724
22.4000 0.5800 0.0728
22.6000 0.1600 0.0407
22.6000 0.1800 0.0458
22.6000 0.2000 0.0497
22.6000 0.2200 0.0529
22.6000 0.2400 0.0555
22.6000 0.2600 0.0577
22.6000 0.2800 0.0596
22.6000 0.3000 0.0612
22.6000 0.3200 0.0627
22.6000 0.3400 0.0639
22.6000 0.3600 0.0650
22.6000 0.3800 0.0660
22.6000 0.4000 0.0670
22.6000 0.4200 0.0678
22.6000 0.4400 0.0685
22.6000 0.4600 0.0692
22.6000 0.4800 0.0699
22.6000 0.5000 0.0704
22.6000 0.5200 0.0710
22.6000 0.5400 0.0715
22.6000 0.5600 0.0720
22.6000 0.5800 0.0724
22.8000 0.1600 0.0403
22.8000 0.1800 0.0453
22.8000 0.2000 0.0493
22.8000 0.2200 0.0525
22.8000 0.2400 0.0551
22.8000 0.2600 0.0573
22.8000 0.2800 0.0592
22.8000 0.3000 0.0608
22.8000 0.3200 0.0622
22.8000 0.3400 0.0635
22.8000 0.3600 0.0646
22.8000 0.3800 0.0656
22.8000 0.4000 0.0665
22.8000 0.4200 0.0674
22.8000 0.4400 0.0681
22.8000 0.4600 0.0688
22.8000 0.4800 0.0695
22.8000 0.5000 0.0701
22.8000 0.5200 0.0706
22.8000 0.5400 0.0711
22.8000 0.5600 0.0716
22.8000 0.5800 0.0720
23.0000 0.1600 0.0399
23.0000 0.1800 0.0449
23.0000 0.2000 0.0488
23.0000 0.2200 0.0520
23.0000 0.2400 0.0547
23.0000 0.2600 0.0569
23.0000 0.2800 0.0588
23.0000 0.3000 0.0604
23.0000 0.3200 0.0618
23.0000 0.3400 0.0631
23.0000 0.3600 0.0642
23.0000 0.3800 0.0652
23.0000 0.4000 0.0662
23.0000 0.4200 0.0670
23.0000 0.4400 0.0678
23.0000 0.4600 0.0684
23.0000 0.4800 0.0691
23.0000 0.5000 0.0697
23.0000 0.5200 0.0702
23.0000 0.5400 0.0708
23.0000 0.5600 0.0712
23.0000 0.5800 0.0717
23.2000 0.1600 0.0395
23.2000 0.1800 0.0445
23.2000 0.2000 0.0484
23.2000 0.2200 0.0516
23.2000 0.2400 0.0542
23.2000 0.2600 0.0564
23.2000 0.2800 0.0583
23.2000 0.3000 0.0600
23.2000 0.3200 0.0614
23.2000 0.3400 0.0627
23.2000 0.3600 0.0638
23.2000 0.3800 0.0648
23.2000 0.4000 0.0658
23.2000 0.4200 0.0666
23.2000 0.4400 0.0674
23.2000 0.4600 0.0681
23.2000 0.4800 0.0687
23.2000 0.5000 0.0693
23.2000 0.5200 0.0699
23.2000 0.5400 0.0704
23.2000 0.5600 0.0709
23.2000 0.5800 0.0713
23.4000 0.1600 0.0391
23.4000 0.1800 0.0441
23.4000 0.2000 0.0480
23.4000 0.2200 0.0512
23.4000 0.2400 0.0538
23.4000 0.2600 0.0560
23.4000 0.2800 0.0579
23.4000 0.3000 0.0596
23.4000 0.3200 0.0610
23.4000 0.3400 0.0623
23.4000 0.3600 0.0634
23.4000 0.3800 0.0645
23.4000 0.4000 0.0654
23.4000 0.4200 0.0662
23.4000 0.4400 0.0670
23.4000 0.4600 0.0677
23.4000 0.4800 0.0684
23.4000 0.5000 0.0690
23.4000 0.5200 0.0695
23.4000 0.5400 0.0700
23.4000 0.5600 0.0705
23.4000 0.5800 0.0710
23.6000 0.1600 0.0387
23.6000 0.1800 0.0437
23.6000 0.2000 0.0476
23.6000 0.2200 0.0508
23.6000 0.2400 0.0534
23.6000 0.2600 0.0556
23.6000 0.2800 0.0575
23.6000 0.3000 0.0592
23.6000 0.3200 0.0606
23.6000 0.3400 0.0619
23.6000 0.3600 0.0631
23.6000 0.3800 0.0641
23.6000 0.4000 0.0650
23.6000 0.4200 0.0659
23.6000 0.4400 0.0666
23.6000 0.4600 0.0673
23.6000 0.4800 0.0680
23.6000 0.5000 0.0686
23.6000 0.5200 0.0692
23.6000 0.5400 0.0697
23.6000 0.5600 0.0702
23.6000 0.5800 0.0706
23.8000 0.1600 0.0383
23.8000 0.1800 0.0433
23.8000 0.2000 0.0472
23.8000 0.2200 0.0504
23.8000 0.2400 0.0530
23.8000 0.2600 0.0552
23.8000 0.2800 0.0571
23.8000 0.3000 0.0588
23.8000 0.3200 0.0603
23.8000 0.3400 0.0615
23.8000 0.3600 0.0627
23.8000 0.3800 0.0637
23.8000 0.4000 0.0647
23.8000 0.4200 0.0655
23.8000 0.4400 0.0663
23.8000 0.4600 0.0670
23.8000 0.4800 0.0677
23.8000 0.5000 0.0683
23.8000 0.5200 0.0688
23.8000 0.5400 0.0694
23.8000 0.5600 0.0698
23.8000 0.5800 0.0703
24.0000 0.1600 0.0380
24.0000 0.1800 0.0429
24.0000 0.2000 0.0468
24.0000 0.2200 0.0500
24.0000 0.2400 0.0526
24.0000 0.2600 0.0549
24.0000 0.2800 0.0568
24.0000 0.3000 0.0584
24.0000 0.3200 0.0599
24.0000 0.3400 0.0612
24.0000 0.3600 0.0623
24.0000 0.3800 0.0634
24.0000 0.4000 0.0643
24.0000 0.4200 0.0651
24.0000 0.4400 0.0659
24.0000 0.4600 0.0666
24.0000 0.4800 0.0673
24.0000 0.5000 0.0679
24.0000 0.5200 0.0685
24.0000 0.5400 0.0690
24.0000 0.5600 0.0695
24.0000 0.5800 0.0700
24.2000 0.1600 0.0376
24.2000 0.1800 0.0425
24.2000 0.2000 0.0464
24.2000 0.2200 0.0496
24.2000 0.2400 0.0522
24.2000 0.2600 0.0545
24.2000 0.2800 0.0564
24.2000 0.3000 0.0580
24.2000 0.3200 0.0595
24.2000 0.3400 0.0608
24.2000 0.3600 0.0620
24.2000 0.3800 0.0630
24.2000 0.4000 0.0639
24.2000 0.4200 0.0648
24.2000 0.4400 0.0656
24.2000 0.4600 0.0663
24.2000 0.4800 0.0670
24.2000 0.5000 0.0676
24.2000 0.5200 0.0682
24.2000 0.5400 0.0687
24.2000 0.5600 0.0692
24.2000 0.5800 0.0697
24.4000 0.1600 0.0372
24.4000 0.1800 0.0422
24.4000 0.2000 0.0461
24.4000 0.2200 0.0492
24.4000 0.2400 0.0519
24.4000 0.2600 0.0541
24.4000 0.2800 0.0560
24.4000 0.3000 0.0577
24.4000 0.3200 0.0591
24.4000 0.3400 0.0604
24.4000 0.3600 0.0616
24.4000 0.3800 0.0627
24.4000 0.4000 0.0636
24.4000 0.4200 0.0645
24.4000 0.4400 0.0652
24.4000 0.4600 0.0660
24.4000 0.4800 0.0666
24.4000 0.5000 0.0673
24.4000 0.5200 0.0678
24.4000 0.5400 0.0684
24.4000 0.5600 0.0689
24.4000 0.5800 0.0693
24.6000 0.1600 0.0369
24.6000 0.1800 0.0418
24.6000 0.2000 0.0457
24.6000 0.2200 0.0489
24.6000 0.2400 0.0515
24.6000 0.2600 0.0537
24.6000 0.2800 0.0556
24.6000 0.3000 0.0573
24.6000 0.3200 0.0588
24.6000 0.3400 0.0601
24.6000 0.3600 0.0613
24.6000 0.3800 0.0623
24.6000 0.4000 0.0633
24.6000 0.4200 0.0641
24.6000 0.4400 0.0649
24.6000 0.4600 0.0656
24.6000 0.4800 0.0663
24.6000 0.5000 0.0669
24.6000 0.5200 0.0675
24.6000 0.5400 0.0681
24.6000 0.5600 0.0686
24.6000 0.5800 0.0690
24.8000 0.1600 0.0365
24.8000 0.1800 0.0414
24.8000 0.2000 0.0453
24.8000 0.2200 0.0485
24.8000 0.2400 0.0511
24.8000 0.2600 0.0534
24.8000 0.2800 0.0553
24.8000 0.3000 0.0570
24.8000 0.3200 0.0584
24.8000 0.3400 0.0597
24.8000 0.3600 0.0609
24.8000 0.3800 0.0620
24.8000 0.4000 0.0629
24.8000 0.4200 0.0638
24.8000 0.4400 0.0646
24.8000 0.4600 0.0653
24.8000 0.4800 0.0660
24.8000 0.5000 0.0666
24.8000 0.5200 0.0672
24.8000 0.5400 0.0678
24.8000 0.5600 0.0683
24.8000 0.5800 0.0687
25.0000 0.1600 0.0362
25.0000 0.1800 0.0411
25.0000 0.2000 0.0450
25.0000 0.2200 0.0481
25.0000 0.2400 0.0508
25.0000 0.2600 0.0530
25.0000 0.2800 0.0549
25.0000 0.3000 0.0566
25.0000 0.3200 0.0581
25.0000 0.3400 0.0594
25.0000 0.3600 0.0606
25.0000 0.3800 0.0616
25.0000 0.4000 0.0626
25.0000 0.4200 0.0635
25.0000 0.4400 0.0643
25.0000 0.4600 0.0650
25.0000 0.4800 0.0657
25.0000 0.5000 0.0663
25.0000 0.5200 0.0669
25.0000 0.5400 0.0675
25.0000 0.5600 0.0680
25.0000 0.5800 0.0684
25.2000 0.1600 0.0359
25.2000 0.1800 0.0407
25.2000 0.2000 0.0446
25.2000 0.2200 0.0478
25.2000 0.2400 0.0504
25.2000 0.2600 0.0527
25.2000 0.2800 0.0546
25.2000 0.3000 0.0563
25.2000 0.3200 0.0578
25.2000 0.3400 0.0591
25.2000 0.3600 0.0603
25.2000 0.3800 0.0613
25.2000 0.4000 0.0623
25.2000 0.4200 0.0632
25.2000 0.4400 0.0640
25.2000 0.4600 0.0647
25.2000 0.4800 0.0654
25.2000 0.5000 0.0660
25.2000 0.5200 0.0666
25.2000 0.5400 0.0672
25.2000 0.5600 0.0677
25.2000 0.5800 0.0681
25.4000 0.1600 0.0356
25.4000 0.1800 0.0404
25.4000 0.2000 0.0443
25.4000 0.2200 0.0474
25.4000 0.2400 0.0501
25.4000 0.2600 0.0523
25.4000 0.2800 0.0543
25.4000 0.3000 0.0559
25.4000 0.3200 0.0574
25.4000 0.3400 0.0587
25.4000 0.3600 0.0599
25.4000 0.3800 0.0610
25.4000 0.4000 0.0620
25.4000 0.4200 0.0628
25.4000 0.4400 0.0637
25.4000 0.4600 0.0644
25.4000 0.4800 0.0651
25.4000 0.5000 0.0657
25.4000 0.5200 0.0663
25.4000 0.5400 0.0669
25.4000 0.5600 0.0674
25.4000 0.5800 0.0679
25.6000 0.1600 0.0352
25.6000 0.1800 0.0401
25.6000 0.2000 0.0439
25.6000 0.2200 0.0471
25.6000 0.2400 0.0497
25.6000 0.2600 0.0520
25.6000 0.2800 0.0539
25.6000 0.3000 0.0556
25.6000 0.3200 0.0571
25.6000 0.3400 0.0584
25.6000 0.3600 0.0596
25.6000 0.3800 0.0607
25.6000 0.4000 0.0617
25.6000 0.4200 0.0625
25.6000 0.4400 0.0633
25.6000 0.4600 0.0641
25.6000 0.4800 0.0648
25.6000 0.5000 0.0654
25.6000 0.5200 0.0660
25.6000 0.5400 0.0666
25.6000 0.5600 0.0671
25.6000 0.5800 0.0676
25.8000 0.1600 0.0349
25.8000 0.1800 0.0397
25.8000 0.2000 0.0436
25.8000 0.2200 0.0468
25.8000 0.2400 0.0494
25.8000 0.2600 0.0516
25.8000 0.2800 0.0536
25.8000 0.3000 0.0553
25.8000 0.3200 0.0568
25.8000 0.3400 0.0581
25.8000 0.3600 0.0593
25.8000 0.3800 0.0604
25.8000 0.4000 0.0613
25.8000 0.4200 0.0622
25.8000 0.4400 0.0631
25.8000 0.4600 0.0638
25.8000 0.4800 0.0645
25.8000 0.5000 0.0651
25.8000 0.5200 0.0657
25.8000 0.5400 0.0663
25.8000 0.5600 0.0668
25.8000 0.5800 0.0673
26.0000 0.1600 0.0346
26.0000 0.1800 0.0394
26.0000 0.2000 0.0433
26.0000 0.2200 0.0464
26.0000 0.2400 0.0491
26.0000 0.2600 0.0513
26.0000 0.2800 0.0533
26.0000 0.3000 0.0550
26.0000 0.3200 0.0565
26.0000 0.3400 0.0578
26.0000 0.3600 0.0590
26.0000 0.3800 0.0601
26.0000 0.4000 0.0610
26.0000 0.4200 0.0619
26.0000 0.4400 0.0628
26.0000 0.4600 0.0635
26.0000 0.4800 0.0642
26.0000 0.5000 0.0649
26.0000 0.5200 0.0655
26.0000 0.5400 0.0660
26.0000 0.5600 0.0665
26.0000 0.5800 0.0670
26.2000 0.1600 0.0343
26.2000 0.1800 0.0391
26.2000 0.2000 0.0429
26.2000 0.2200 0.0461
26.2000 0.2400 0.0487
26.2000 0.2600 0.0510
26.2000 0.2800 0.0529
26.2000 0.3000 0.0547
26.2000 0.3200 0.0562
26.2000 0.3400 0.0575
26.2000 0.3600 0.0587
26.2000 0.3800 0.0598
26.2000 0.4000 0.0608
26.2000 0.4200 0.0617
26.2000 0.4400 0.0625
26.2000 0.4600 0.0632
26.2000 0.4800 0.0639
26.2000 0.5000 0.0646
26.2000 0.5200 0.0652
26.2000 0.5400 0.0658
26.2000 0.5600 0.0663
26.2000 0.5800 0.0668
26.4000 0.1600 0.0340
26.4000 0.1800 0.0388
26.4000 0.2000 0.0426
26.4000 0.2200 0.0458
26.4000 0.2400 0.0484
26.4000 0.2600 0.0507
26.4000 0.2800 0.0526
26.4000 0.3000 0.0543
26.4000 0.3200 0.0558
26.4000 0.3400 0.0572
26.4000 0.3600 0.0584
26.4000 0.3800 0.0595
26.4000 0.4000 0.0605
26.4000 0.4200 0.0614
26.4000 0.4400 0.0622
26.4000 0.4600 0.0630
26.4000 0.4800 0.0637
26.4000 0.5000 0.0643
26.4000 0.5200 0.0649
26.4000 0.5400 0.0655
26.4000 0.5600 0.0660
26.4000 0.5800 0.0665
26.6000 0.1600 0.0337
26.6000 0.1800 0.0385
26.6000 0.2000 0.0423
26.6000 0.2200 0.0455
26.6000 0.2400 0.0481
26.6000 0.2600 0.0504
26.6000 0.2800 0.0523
26.6000 0.3000 0.0540
26.6000 0.3200 0.0555
26.6000 0.3400 0.0569
26.6000 0.3600 0.0581
26.6000 0.3800 0.0592
26.6000 0.4000 0.0602
26.6000 0.4200 0.0611
26.6000 0.4400 0.0619
26.6000 0.4600 0.0627
26.6000 0.4800 0.0634
26.6000 0.5000 0.0640
26.6000 0.5200 0.0647
26.6000 0.5400 0.0652
26.6000 0.5600 0.0658
26.6000 0.5800 0.0663
26.8000 0.1600 0.0334
26.8000 0.1800 0.0382
26.8000 0.2000 0.0420
26.8000 0.2200 0.0452
26.8000 0.2400 0.0478
26.8000 0.2600 0.0501
26.8000 0.2800 0.0520
26.8000 0.3000 0.0537
26.8000 0.3200 0.0553
26.8000 0.3400 0.0566
26.8000 0.3600 0.0578
26.8000 0.3800 0.0589
26.8000 0.4000 0.0599
26.8000 0.4200 0.0608
26.8000 0.4400 0.0616
26.8000 0.4600 0.0624
26.8000 0.4800 0.0631
26.8000 0.5000 0.0638
26.8000 0.5200 0.0644
26.8000 0.5400 0.0650
26.8000 0.5600 0.0655
26.8000 0.5800 0.0660
27.0000 0.1600 0.0332
27.0000 0.1800 0.0379
27.0000 0.2000 0.0417
27.0000 0.2200 0.0449
27.0000 0.2400 0.0475
27.0000 0.2600 0.0498
27.0000 0.2800 0.0517
27.0000 0.3000 0.0534
27.0000 0.3200 0.0550
27.0000 0.3400 0.0563
27.0000 0.3600 0.0575
27.0000 0.3800 0.0586
27.0000 0.4000 0.0596
27.0000 0.4200 0.0605
27.0000 0.4400 0.0614
27.0000 0.4600 0.0621
27.0000 0.4800 0.0629
27.0000 0.5000 0.0635
27.0000 0.5200 0.0641
27.0000 0.5400 0.0647
27.0000 0.5600 0.0653
27.0000 0.5800 0.0658
27.2000 0.1600 0.0329
27.2000 0.1800 0.0376
27.2000 0.2000 0.0414
27.2000 0.2200 0.0446
27.2000 0.2400 0.0472
27.2000 0.2600 0.0495
27.2000 0.2800 0.0514
27.2000 0.3000 0.0532
27.2000 0.3200 0.0547
27.2000 0.3400 0.0560
27.2000 0.3600 0.0572
27.2000 0.3800 0.0584
27.2000 0.4000 0.0594
27.2000 0.4200 0.0603
27.2000 0.4400 0.0611
27.2000 0.4600 0.0619
27.2000 0.4800 0.0626
27.2000 0.5000 0.0633
27.2000 0.5200 0.0639
27.2000 0.5400 0.0645
27.2000 0.5600 0.0650
27.2000 0.5800 0.0655
27.4000 0.1600 0.0326
27.4000 0.1800 0.0373
27.4000 0.2000 0.0411
27.4000 0.2200 0.0443
27.4000 0.2400 0.0469
27.4000 0.2600 0.0492
27.4000 0.2800 0.0511
27.4000 0.3000 0.0529
27.4000 0.3200 0.0544
27.4000 0.3400 0.0558
27.4000 0.3600 0.0570
27.4000 0.3800 0.0581
27.4000 0.4000 0.0591
27.4000 0.4200 0.0600
27.4000 0.4400 0.0609
27.4000 0.4600 0.0616
27.4000 0.4800 0.0624
27.4000 0.5000 0.0630
27.4000 0.5200 0.0636
27.4000 0.5400 0.0642
27.4000 0.5600 0.0648
27.4000 0.5800 0.0653
27.6000 0.1600 0.0323
27.6000 0.1800 0.0370
27.6000 0.2000 0.0408
27.6000 0.2200 0.0440
27.6000 0.2400 0.0466
27.6000 0.2600 0.0489
27.6000 0.2800 0.0509
27.6000 0.3000 0.0526
27.6000 0.3200 0.0541
27.6000 0.3400 0.0555
27.6000 0.3600 0.0567
27.6000 0.3800 0.0578
27.6000 0.4000 0.0588
27.6000 0.4200 0.0598
27.6000 0.4400 0.0606
27.6000 0.4600 0.0614
27.6000 0.4800 0.0621
27.6000 0.5000 0.0628
27.6000 0.5200 0.0634
27.6000 0.5400 0.0640
27.6000 0.5600 0.0645
27.6000 0.5800 0.0651
27.8000 0.1600 0.0321
27.8000 0.1800 0.0368
27.8000 0.2000 0.0406
27.8000 0.2200 0.0437
27.8000 0.2400 0.0463
27.8000 0.2600 0.0486
27.8000 0.2800 0.0506
27.8000 0.3000 0.0523
27.8000 0.3200 0.0538
27.8000 0.3400 0.0552
27.8000 0.3600 0.0564
27.8000 0.3800 0.0576
27.8000 0.4000 0.0586
27.8000 0.4200 0.0595
27.8000 0.4400 0.0603
27.8000 0.4600 0.0611
27.8000 0.4800 0.0619
27.8000 0.5000 0.0625
27.8000 0.5200 0.0632
27.8000 0.5400 0.0638
27.8000 0.5600 0.0643
27.8000 0.5800 0.0648
28.0000 0.1600 0.0318
28.0000 0.1800 0.0365
28.0000 0.2000 0.0403
28.0000 0.2200 0.0434
28.0000 0.2400 0.0461
28.0000 0.2600 0.0483
28.0000 0.2800 0.0503
28.0000 0.3000 0.0520
28.0000 0.3200 0.0536
28.0000 0.3400 0.0549
28.0000 0.3600 0.0562
28.0000 0.3800 0.0573
28.0000 0.4000 0.0583
28.0000 0.4200 0.0592
28.0000 0.4400 0.0601
28.0000 0.4600 0.0609
28.0000 0.4800 0.0616
28.0000 0.5000 0.0623
28.0000 0.5200 0.0629
28.0000 0.5400 0.0635
28.0000 0.5600 0.0641
28.0000 0.5800 0.0646
28.2000 0.1600 0.0316
28.2000 0.1800 0.0362
28.2000 0.2000 0.0400
28.2000 0.2200 0.0431
28.2000 0.2400 0.0458
28.2000 0.2600 0.0481
28.2000 0.2800 0.0500
28.2000 0.3000 0.0518
28.2000 0.3200 0.0533
28.2000 0.3400 0.0547
28.2000 0.3600 0.0559
28.2000 0.3800 0.0570
28.2000 0.4000 0.0581
28.2000 0.4200 0.0590
28.2000 0.4400 0.0599
28.2000 0.4600 0.0607
28.2000 0.4800 0.0614
28.2000 0.5000 0.0621
28.2000 0.5200 0.0627
28.2000 0.5400 0.0633
28.2000 0.5600 0.0639
28.2000 0.5800 0.0644
28.4000 0.1600 0.0313
28.4000 0.1800 0.0360
28.4000 0.2000 0.0397
28.4000 0.2200 0.0429
28.4000 0.2400 0.0455
28.4000 0.2600 0.0478
28.4000 0.2800 0.0498
28.4000 0.3000 0.0515
28.4000 0.3200 0.0530
28.4000 0.3400 0.0544
28.4000 0.3600 0.0557
28.4000 0.3800 0.0568
28.4000 0.4000 0.0578
28.4000 0.4200 0.0588
28.4000 0.4400 0.0596
28.4000 0.4600 0.0604
28.4000 0.4800 0.0612
28.4000 0.5000 0.0618
28.4000 0.5200 0.0625
28.4000 0.5400 0.0631
28.4000 0.5600 0.0636
28.4000 0.5800 0.0642
28.6000 0.1600 0.0311
28.6000 0.1800 0.0357
28.6000 0.2000 0.0395
28.6000 0.2200 0.0426
28.6000 0.2400 0.0452
28.6000 0.2600 0.0475
28.6000 0.2800 0.0495
28.6000 0.3000 0.0512
28.6000 0.3200 0.0528
28.6000 0.3400 0.0542
28.6000 0.3600 0.0554
28.6000 0.3800 0.0565
28.6000 0.4000 0.0576
28.6000 0.4200 0.0585
28.6000 0.4400 0.0594
28.6000 0.4600 0.0602
28.6000 0.4800 0.0609
28.6000 0.5000 0.0616
28.6000 0.5200 0.0623
28.6000 0.5400 0.0629
28.6000 0.5600 0.0634
28.6000 0.5800 0.0640
28.8000 0.1600 0.0308
28.8000 0.1800 0.0355
28.8000 0.2000 0.0392
28.8000 0.2200 0.0423
28.8000 0.2400 0.0450
28.8000 0.2600 0.0473
28.8000 0.2800 0.0492
28.8000 0.3000 0.0510
28.8000 0.3200 0.0525
28.8000 0.3400 0.0539
28.8000 0.3600 0.0552
28.8000 0.3800 0.0563
28.8000 0.4000 0.0573
28.8000 0.4200 0.0583
28.8000 0.4400 0.0592
28.8000 0.4600 0.0600
28.8000 0.4800 0.0607
28.8000 0.5000 0.0614
28.8000 0.5200 0.0620
28.8000 0.5400 0.0626
28.8000 0.5600 0.0632
28.8000 0.5800 0.0637
29.0000 0.1600 0.0306
29.0000 0.1800 0.0352
29.0000 0.2000 0.0390
29.0000 0.2200 0.0421
29.0000 0.2400 0.0447
29.0000 0.2600 0.0470
29.0000 0.2800 0.0490
29.0000 0.3000 0.0507
29.0000 0.3200 0.0523
29.0000 0.3400 0.0537
29.0000 0.3600 0.0549
29.0000 0.3800 0.0561
29.0000 0.4000 0.0571
29.0000 0.4200 0.0581
29.0000 0.4400 0.0589
29.0000 0.4600 0.0597
29.0000 0.4800 0.0605
29.0000 0.5000 0.0612
29.0000 0.5200 0.0618
29.0000 0.5400 0.0624
29.0000 0.5600 0.0630
29.0000 0.5800 0.0635
29.2000 0.1600 0.0304
29.2000 0.1800 0.0350
29.2000 0.2000 0.0387
29.2000 0.2200 0.0418
29.2000 0.2400 0.0445
29.2000 0.2600 0.0467
29.2000 0.2800 0.0487
29.2000 0.3000 0.0505
29.2000 0.3200 0.0520
29.2000 0.3400 0.0534
29.2000 0.3600 0.0547
29.2000 0.3800 0.0558
29.2000 0.4000 0.0569
29.2000 0.4200 0.0578
29.2000 0.4400 0.0587
29.2000 0.4600 0.0595
29.2000 0.4800 0.0603
29.2000 0.5000 0.0610
29.2000 0.5200 0.0616
29.2000 0.5400 0.0622
29.2000 0.5600 0.0628
29.2000 0.5800 0.0633
29.4000 0.1600 0.0301
29.4000 0.1800 0.0347
29.4000 0.2000 0.0384
29.4000 0.2200 0.0416
29.4000 0.2400 0.0442
29.4000 0.2600 0.0465
29.4000 0.2800 0.0485
29.4000 0.3000 0.0502
29.4000 0.3200 0.0518
29.4000 0.3400 0.0532
29.4000 0.3600 0.0545
29.4000 0.3800 0.0556
29.4000 0.4000 0.0566
29.4000 0.4200 0.0576
29.4000 0.4400 0.0585
29.4000 0.4600 0.0593
29.4000 0.4800 0.0600
29.4000 0.5000 0.0607
29.4000 0.5200 0.0614
29.4000 0.5400 0.0620
29.4000 0.5600 0.0626
29.4000 0.5800 0.0631
29.6000 0.1600 0.0299
29.6000 0.1800 0.0345
29.6000 0.2000 0.0382
29.6000 0.2200 0.0413
29.6000 0.2400 0.0440
29.6000 0.2600 0.0462
29.6000 0.2800 0.0482
29.6000 0.3000 0.0500
29.6000 0.3200 0.0516
29.6000 0.3400 0.0530
29.6000 0.3600 0.0542
29.6000 0.3800 0.0554
29.6000 0.4000 0.0564
29.6000 0.4200 0.0574
29.6000 0.4400 0.0583
29.6000 0.4600 0.0591
29.6000 0.4800 0.0598
29.6000 0.5000 0.0605
29.6000 0.5200 0.0612
29.6000 0.5400 0.0618
29.6000 0.5600 0.0624
29.6000 0.5800 0.0629
29.8000 0.1600 0.0297
29.8000 0.1800 0.0342
29.8000 0.2000 0.0380
29.8000 0.2200 0.0411
29.8000 0.2400 0.0437
29.8000 0.2600 0.0460
29.8000 0.2800 0.0480
29.8000 0.3000 0.0498
29.8000 0.3200 0.0513
29.8000 0.3400 0.0527
29.8000 0.3600 0.0540
29.8000 0.3800 0.0551
29.8000 0.4000 0.0562
29.8000 0.4200 0.0572
29.8000 0.4400 0.0580
29.8000 0.4600 0.0589
29.8000 0.4800 0.0596
29.8000 0.5000 0.0603
29.8000 0.5200 0.0610
29.8000 0.5400 0.0616
29.8000 0.5600 0.0622
29.8000 0.5800 0.0627
30.0000 0.1600 0.0295
30.0000 0.1800 0.0340
30.0000 0.2000 0.0377
30.0000 0.2200 0.0408
30.0000 0.2400 0.0435
30.0000 0.2600 0.0458
30.0000 0.2800 0.0478
30.0000 0.3000 0.0495
30.0000 0.3200 0.0511
30.0000 0.3400 0.0525
30.0000 0.3600 0.0538
30.0000 0.3800 0.0549
30.0000 0.4000 0.0560
30.0000 0.4200 0.0569
30.0000 0.4400 0.0578
30.0000 0.4600 0.0587
30.0000 0.4800 0.0594
30.0000 0.5000 0.0601
30.0000 0.5200 0.0608
30.0000 0.5400 0.0614
30.0000 0.5600 0.0620
30.0000 0.5800 0.0626
30.2000 0.1600 0.0293
30.2000 0.1800 0.0338
30.2000 0.2000 0.0375
30.2000 0.2200 0.0406
30.2000 0.2400 0.0432
30.2000 0.2600 0.0455
30.2000 0.2800 0.0475
30.2000 0.3000 0.0493
30.2000 0.3200 0.0509
30.2000 0.3400 0.0523
30.2000 0.3600 0.0535
30.2000 0.3800 0.0547
30.2000 0.4000 0.0558
30.2000 0.4200 0.0567
30.2000 0.4400 0.0576
30.2000 0.4600 0.0585
30.2000 0.4800 0.0592
30.2000 0.5000 0.0599
30.2000 0.5200 0.0606
30.2000 0.5400 0.0612
30.2000 0.5600 0.0618
30.2000 0.5800 0.0624
30.4000 0.1600 0.0290
30.4000 0.1800 0.0336
30.4000 0.2000 0.0373
30.4000 0.2200 0.0404
30.4000 0.2400 0.0430
30.4000 0.2600 0.0453
30.4000 0.2800 0.0473
30.4000 0.3000 0.0491
30.4000 0.3200 0.0506
30.4000 0.3400 0.0521
30.4000 0.3600 0.0533
30.4000 0.3800 0.0545
30.4000 0.4000 0.0556
30.4000 0.4200 0.0565
30.4000 0.4400 0.0574
30.4000 0.4600 0.0583
30.4000 0.4800 0.0590
30.4000 0.5000 0.0597
30.4000 0.5200 0.0604
30.4000 0.5400 0.0610
30.4000 0.5600 0.0616
30.4000 0.5800 0.0622
30.6000 0.1600 0.0288
30.6000 0.1800 0.0333
30.6000 0.2000 0.0370
30.6000 0.2200 0.0401
30.6000 0.2400 0.0428
30.6000 0.2600 0.0451
30.6000 0.2800 0.0471
30.6000 0.3000 0.0488
30.6000 0.3200 0.0504
30.6000 0.3400 0.0518
30.6000 0.3600 0.0531
30.6000 0.3800 0.0543
30.6000 0.4000 0.0553
30.6000 0.4200 0.0563
30.6000 0.4400 0.0572
30.6000 0.4600 0.0581
30.6000 0.4800 0.0588
30.6000 0.5000 0.0595
30.6000 0.5200 0.0602
30.6000 0.5400 0.0609
30.6000 0.5600 0.0614
30.6000 0.5800 0.0620
30.8000 0.1600 0.0286
30.8000 0.1800 0.0331
30.8000 0.2000 0.0368
30.8000 0.2200 0.0399
30.8000 0.2400 0.0425
30.8000 0.2600 0.0448
30.8000 0.2800 0.0468
30.8000 0.3000 0.0486
30.8000 0.3200 0.0502
30.8000 0.3400 0.0516
30.8000 0.3600 0.0529
30.8000 0.3800 0.0541
30.8000 0.4000 0.0551
30.8000 0.4200 0.0561
30.8000 0.4400 0.0570
30.8000 0.4600 0.0579
30.8000 0.4800 0.0586
30.8000 0.5000 0.0594
30.8000 0.5200 0.0600
30.8000 0.5400 0.0607
30.8000 0.5600 0.0613
30.8000 0.5800 0.0618
31.0000 0.1600 0.0284
31.0000 0.1800 0.0329
31.0000 0.2000 0.0366
31.0000 0.2200 0.0397
31.0000 0.2400 0.0423
31.0000 0.2600 0.0446
31.0000 0.2800 0.0466
31.0000 0.3000 0.0484
31.0000 0.3200 0.0500
31.0000 0.3400 0.0514
31.0000 0.3600 0.0527
31.0000 0.3800 0.0539
31.0000 0.4000 0.0549
31.0000 0.4200 0.0559
31.0000 0.4400 0.0568
31.0000 0.4600 0.0577
31.0000 0.4800 0.0584
31.0000 0.5000 0.0592
31.0000 0.5200 0.0598
31.0000 0.5400 0.0605
31.0000 0.5600 0.0611
31.0000 0.5800 0.0616
31.2000 0.1600 0.0282
31.2000 0.1800 0.0327
31.2000 0.2000 0.0364
31.2000 0.2200 0.0395
31.2000 0.2400 0.0421
31.2000 0.2600 0.0444
31.2000 0.2800 0.0464
31.2000 0.3000 0.0482
31.2000 0.3200 0.0498
31.2000 0.3400 0.0512
31.2000 0.3600 0.0525
31.2000 0.3800 0.0537
31.2000 0.4000 0.0547
31.2000 0.4200 0.0557
31.2000 0.4400 0.0566
31.2000 0.4600 0.0575
31.2000 0.4800 0.0583
31.2000 0.5000 0.0590
31.2000 0.5200 0.0597
31.2000 0.5400 0.0603
31.2000 0.5600 0.0609
31.2000 0.5800 0.0615
31.4000 0.1600 0.0280
31.4000 0.1800 0.0325
31.4000 0.2000 0.0361
31.4000 0.2200 0.0392
31.4000 0.2400 0.0419
31.4000 0.2600 0.0442
31.4000 0.2800 0.0462
31.4000 0.3000 0.0480
31.4000 0.3200 0.0496
31.4000 0.3400 0.0510
31.4000 0.3600 0.0523
31.4000 0.3800 0.0535
31.4000 0.4000 0.0545
31.4000 0.4200 0.0555
31.4000 0.4400 0.0564
31.4000 0.4600 0.0573
31.4000 0.4800 0.0581
31.4000 0.5000 0.0588
31.4000 0.5200 0.0595
31.4000 0.5400 0.0601
31.4000 0.5600 0.0607
31.4000 0.5800 0.0613
31.6000 0.1600 0.0278
31.6000 0.1800 0.0323
31.6000 0.2000 0.0359
31.6000 0.2200 0.0390
31.6000 0.2400 0.0417
31.6000 0.2600 0.0440
31.6000 0.2800 0.0460
31.6000 0.3000 0.0478
31.6000 0.3200 0.0493
31.6000 0.3400 0.0508
31.6000 0.3600 0.0521
31.6000 0.3800 0.0533
31.6000 0.4000 0.0543
31.6000 0.4200 0.0553
31.6000 0.4400 0.0562
31.6000 0.4600 0.0571
31.6000 0.4800 0.0579
31.6000 0.5000 0.0586
31.6000 0.5200 0.0593
31.6000 0.5400 0.0600
31.6000 0.5600 0.0606
31.6000 0.5800 0.0611
31.8000 0.1600 0.0277
31.8000 0.1800 0.0321
31.8000 0.2000 0.0357
31.8000 0.2200 0.0388
31.8000 0.2400 0.0414
31.8000 0.2600 0.0437
31.8000 0.2800 0.0458
31.8000 0.3000 0.0475
31.8000 0.3200 0.0491
31.8000 0.3400 0.0506
31.8000 0.3600 0.0519
31.8000 0.3800 0.0531
31.8000 0.4000 0.0541
31.8000 0.4200 0.0551
31.8000 0.4400 0.0561
31.8000 0.4600 0.0569
31.8000 0.4800 0.0577
31.8000 0.5000 0.0585
31.8000 0.5200 0.0591
31.8000 0.5400 0.0598
31.8000 0.5600 0.0604
31.8000 0.5800 0.0610
32.0000 0.1600 0.0275
32.0000 0.1800 0.0319
32.0000 0.2000 0.0355
32.0000 0.2200 0.0386
32.0000 0.2400 0.0412
32.0000 0.2600 0.0435
32.0000 0.2800 0.0456
32.0000 0.3000 0.0473
32.0000 0.3200 0.0489
32.0000 0.3400 0.0504
32.0000 0.3600 0.0517
32.0000 0.3800 0.0529
32.0000 0.4000 0.0540
32.0000 0.4200 0.0550
32.0000 0.4400 0.0559
32.0000 0.4600 0.0567
32.0000 0.4800 0.0575
32.0000 0.5000 0.0583
32.0000 0.5200 0.0590
32.0000 0.5400 0.0596
32.0000 0.5600 0.0602
32.0000 0.5800 0.0608
32.2000 0.1600 0.0273
32.2000 0.1800 0.0317
32.2000 0.2000 0.0353
32.2000 0.2200 0.0384
32.2000 0.2400 0.0410
32.2000 0.2600 0.0433
32.2000 0.2800 0.0453
32.2000 0.3000 0.0471
32.2000 0.3200 0.0487
32.2000 0.3400 0.0502
32.2000 0.3600 0.0515
32.2000 0.3800 0.0527
32.2000 0.4000 0.0538
32.2000 0.4200 0.0548
32.2000 0.4400 0.0557
32.2000 0.4600 0.0566
32.2000 0.4800 0.0574
32.2000 0.5000 0.0581
32.2000 0.5200 0.0588
32.2000 0.5400 0.0595
32.2000 0.5600 0.0601
32.2000 0.5800 0.0606
32.4000 0.1600 0.0271
32.4000 0.1800 0.0315
32.4000 0.2000 0.0351
32.4000 0.2200 0.0382
32.4000 0.2400 0.0408
32.4000 0.2600 0.0431
32.4000 0.2800 0.0451
32.4000 0.3000 0.0469
32.4000 0.3200 0.0485
32.4000 0.3400 0.0500
32.4000 0.3600 0.0513
32.4000 0.3800 0.0525
32.4000 0.4000 0.0536
32.4000 0.4200 0.0546
32.4000 0.4400 0.0555
32.4000 0.4600 0.0564
32.4000 0.4800 0.0572
32.4000 0.5000 0.0579
32.4000 0.5200 0.0586
32.4000 0.5400 0.0593
32.4000 0.5600 0.0599
32.4000 0.5800 0.0605
32.6000 0.1600 0.0269
32.6000 0.1800 0.0313
32.6000 0.2000 0.0349
32.6000 0.2200 0.0380
32.6000 0.2400 0.0406
32.6000 0.2600 0.0429
32.6000 0.2800 0.0449
32.6000 0.3000 0.0467
32.6000 0.3200 0.0483
32.6000 0.3400 0.0498
32.6000 0.3600 0.0511
32.6000 0.3800 0.0523
32.6000 0.4000 0.0534
32.6000 0.4200 0.0544
32.6000 0.4400 0.0553
32.6000 0.4600 0.0562
32.6000 0.4800 0.0570
32.6000 0.5000 0.0578
32.6000 0.5200 0.0585
32.6000 0.5400 0.0591
32.6000 0.5600 0.0597
32.6000 0.5800 0.0603
32.8000 0.1600 0.0267
32.8000 0.1800 0.0311
32.8000 0.2000 0.0347
32.8000 0.2200 0.0378
32.8000 0.2400 0.0404
32.8000 0.2600 0.0427
32.8000 0.2800 0.0447
32.8000 0.3000 0.0465
32.8000 0.3200 0.0481
32.8000 0.3400 0.0496
32.8000 0.3600 0.0509
32.8000 0.3800 0.0521
32.8000 0.4000 0.0532
32.8000 0.4200 0.0542
32.8000 0.4400 0.0552
32.8000 0.4600 0.0560
32.8000 0.4800 0.0568
32.8000 0.5000 0.0576
32.8000 0.5200 0.0583
32.8000 0.5400 0.0590
32.8000 0.5600 0.0596
32.8000 0.5800 0.0602
33.0000 0.1600 0.0266
33.0000 0.1800 0.0309
33.0000 0.2000 0.0345
33.0000 0.2200 0.0376
33.0000 0.2400 0.0402
33.0000 0.2600 0.0425
33.0000 0.2800 0.0445
33.0000 0.3000 0.0463
33.0000 0.3200 0.0480
33.0000 0.3400 0.0494
33.0000 0.3600 0.0507
33.0000 0.3800 0.0519
33.0000 0.4000 0.0530
33.0000 0.4200 0.0541
33.0000 0.4400 0.0550
33.0000 0.4600 0.0559
33.0000 0.4800 0.0567
33.0000 0.5000 0.0574
33.0000 0.5200 0.0581
33.0000 0.5400 0.0588
33.0000 0.5600 0.0594
33.0000 0.5800 0.0600
33.2000 0.1600 0.0264
33.2000 0.1800 0.0307
33.2000 0.2000 0.0343
33.2000 0.2200 0.0374
33.2000 0.2400 0.0400
33.2000 0.2600 0.0423
33.2000 0.2800 0.0444
33.2000 0.3000 0.0462
33.2000 0.3200 0.0478
33.2000 0.3400 0.0492
33.2000 0.3600 0.0505
33.2000 0.3800 0.0518
33.2000 0.4000 0.0529
33.2000 0.4200 0.0539
33.2000 0.4400 0.0548
33.2000 0.4600 0.0557
33.2000 0.4800 0.0565
33.2000 0.5000 0.0573
33.2000 0.5200 0.0580
33.2000 0.5400 0.0587
33.2000 0.5600 0.0593
33.2000 0.5800 0.0599
33.4000 0.1600 0.0262
33.4000 0.1800 0.0306
33.4000 0.2000 0.0342
33.4000 0.2200 0.0372
33.4000 0.2400 0.0398
33.4000 0.2600 0.0421
33.4000 0.2800 0.0442
33.4000 0.3000 0.0460
33.4000 0.3200 0.0476
33.4000 0.3400 0.0490
33.4000 0.3600 0.0504
33.4000 0.3800 0.0516
33.4000 0.4000 0.0527
33.4000 0.4200 0.0537
33.4000 0.4400 0.0547
33.4000 0.4600 0.0555
33.4000 0.4800 0.0564
33.4000 0.5000 0.0571
33.4000 0.5200 0.0578
33.4000 0.5400 0.0585
33.4000 0.5600 0.0591
33.4000 0.5800 0.0597
33.6000 0.1600 0.0261
33.6000 0.1800 0.0304
33.6000 0.2000 0.0340
33.6000 0.2200 0.0370
33.6000 0.2400 0.0396
33.6000 0.2600 0.0419
33.6000 0.2800 0.0440
33.6000 0.3000 0.0458
33.6000 0.3200 0.0474
33.6000 0.3400 0.0489
33.6000 0.3600 0.0502
33.6000 0.3800 0.0514
33.6000 0.4000 0.0525
33.6000 0.4200 0.0535
33.6000 0.4400 0.0545
33.6000 0.4600 0.0554
33.6000 0.4800 0.0562
33.6000 0.5000 0.0570
33.6000 0.5200 0.0577
33.6000 0.5400 0.0583
33.6000 0.5600 0.0590
33.6000 0.5800 0.0596
33.8000 0.1600 0.0259
33.8000 0.1800 0.0302
33.8000 0.2000 0.0338
33.8000 0.2200 0.0368
33.8000 0.2400 0.0395
33.8000 0.2600 0.0418
33.8000 0.2800 0.0438
33.8000 0.3000 0.0456
33.8000 0.3200 0.0472
33.8000 0.3400 0.0487
33.8000 0.3600 0.0500
33.8000 0.3800 0.0512
33.8000 0.4000 0.0523
33.8000 0.4200 0.0534
33.8000 0.4400 0.0543
33.8000 0.4600 0.0552
33.8000 0.4800 0.0560
33.8000 0.5000 0.0568
33.8000 0.5200 0.0575
33.8000 0.5400 0.0582
33.8000 0.5600 0.0588
33.8000 0.5800 0.0594
34.0000 0.1600 0.0257
34.0000 0.1800 0.0300
34.0000 0.2000 0.0336
34.0000 0.2200 0.0366
34.0000 0.2400 0.0393
34.0000 0.2600 0.0416
34.0000 0.2800 0.0436
34.0000 0.3000 0.0454
34.0000 0.3200 0.0470
34.0000 0.3400 0.0485
34.0000 0.3600 0.0498
34.0000 0.3800 0.0511
34.0000 0.4000 0.0522
34.0000 0.4200 0.0532
34.0000 0.4400 0.0542
34.0000 0.4600 0.0550
34.0000 0.4800 0.0559
34.0000 0.5000 0.0566
34.0000 0.5200 0.0574
34.0000 0.5400 0.0581
34.0000 0.5600 0.0587
34.0000 0.5800 0.0593
34.2000 0.1600 0.0256
34.2000 0.1800 0.0298
34.2000 0.2000 0.0334
34.2000 0.2200 0.0365
34.2000 0.2400 0.0391
34.2000 0.2600 0.0414
34.2000 0.2800 0.0434
34.2000 0.3000 0.0452
34.2000 0.3200 0.0469
34.2000 0.3400 0.0483
34.2000 0.3600 0.0497
34.2000 0.3800 0.0509
34.2000 0.4000 0.0520
34.2000 0.4200 0.0530
34.2000 0.4400 0.0540
34.2000 0.4600 0.0549
34.2000 0.4800 0.0557
34.2000 0.5000 0.0565
34.2000 0.5200 0.0572
34.2000 0.5400 0.0579
34.2000 0.5600 0.0585
34.2000 0.5800 0.0592
34.4000 0.1600 0.0254
34.4000 0.1800 0.0297
34.4000 0.2000 0.0332
34.4000 0.2200 0.0363
34.4000 0.2400 0.0389
34.4000 0.2600 0.0412
34.4000 0.2800 0.0432
34.4000 0.3000 0.0451
34.4000 0.3200 0.0467
34.4000 0.3400 0.0482
34.4000 0.3600 0.0495
34.4000 0.3800 0.0507
34.4000 0.4000 0.0518
34.4000 0.4200 0.0529
34.4000 0.4400 0.0538
34.4000 0.4600 0.0547
34.4000 0.4800 0.0556
34.4000 0.5000 0.0564
34.4000 0.5200 0.0571
34.4000 0.5400 0.0578
34.4000 0.5600 0.0584
34.4000 0.5800 0.0590
34.6000 0.1600 0.0253
34.6000 0.1800 0.0295
34.6000 0.2000 0.0331
34.6000 0.2200 0.0361
34.6000 0.2400 0.0387
34.6000 0.2600 0.0410
34.6000 0.2800 0.0431
34.6000 0.3000 0.0449
34.6000 0.3200 0.0465
34.6000 0.3400 0.0480
34.6000 0.3600 0.0493
34.6000 0.3800 0.0506
34.6000 0.4000 0.0517
34.6000 0.4200 0.0527
34.6000 0.4400 0.0537
34.6000 0.4600 0.0546
34.6000 0.4800 0.0554
34.6000 0.5000 0.0562
34.6000 0.5200 0.0569
34.6000 0.5400 0.0576
34.6000 0.5600 0.0583
34.6000 0.5800 0.0589
34.8000 0.1600 0.0251
34.8000 0.1800 0.0293
34.8000 0.2000 0.0329
34.8000 0.2200 0.0359
34.8000 0.2400 0.0386
34.8000 0.2600 0.0409
34.8000 0.2800 0.0429
34.8000 0.3000 0.0447
34.8000 0.3200 0.0463
34.8000 0.3400 0.0478
34.8000 0.3600 0.0492
34.8000 0.3800 0.0504
34.8000 0.4000 0.0515
34.8000 0.4200 0.0526
34.8000 0.4400 0.0535
34.8000 0.4600 0.0544
34.8000 0.4800 0.0553
34.8000 0.5000 0.0561
34.8000 0.5200 0.0568
34.8000 0.5400 0.0575
34.8000 0.5600 0.0581
34.8000 0.5800 0.0587
35.0000 0.1600 0.0250
35.0000 0.1800 0.0292
35.0000 0.2000 0.0327
35.0000 0.2200 0.0358
35.0000 0.2400 0.0384
35.0000 0.2600 0.0407
35.0000 0.2800 0.0427
35.0000 0.3000 0.0445
35.0000 0.3200 0.0462
35.0000 0.3400 0.0477
35.0000 0.3600 0.0490
35.0000 0.3800 0.0502
35.0000 0.4000 0.0514
35.0000 0.4200 0.0524
35.0000 0.4400 0.0534
35.0000 0.4600 0.0543
35.0000 0.4800 0.0551
35.0000 0.5000 0.0559
35.0000 0.5200 0.0566
35.0000 0.5400 0.0573
35.0000 0.5600 0.0580
35.0000 0.5800 0.0586
35.2000 0.1600 0.0248
35.2000 0.1800 0.0290
35.2000 0.2000 0.0326
35.2000 0.2200 0.0356
35.2000 0.2400 0.0382
35.2000 0.2600 0.0405
35.2000 0.2800 0.0425
35.2000 0.3000 0.0444
35.2000 0.3200 0.0460
35.2000 0.3400 0.0475
35.2000 0.3600 0.0488
35.2000 0.3800 0.0501
35.2000 0.4000 0.0512
35.2000 0.4200 0.0523
35.2000 0.4400 0.0532
35.2000 0.4600 0.0541
35.2000 0.4800 0.0550
35.2000 0.5000 0.0558
35.2000 0.5200 0.0565
35.2000 0.5400 0.0572
35.2000 0.5600 0.0579
35.2000 0.5800 0.0585
35.4000 0.1600 0.0247
35.4000 0.1800 0.0289
35.4000 0.2000 0.0324
35.4000 0.2200 0.0354
35.4000 0.2400 0.0380
35.4000 0.2600 0.0403
35.4000 0.2800 0.0424
35.4000 0.3000 0.0442
35.4000 0.3200 0.0458
35.4000 0.3400 0.0473
35.4000 0.3600 0.0487
35.4000 0.3800 0.0499
35.4000 0.4000 0.0511
35.4000 0.4200 0.0521
35.4000 0.4400 0.0531
35.4000 0.4600 0.0540
35.4000 0.4800 0.0548
35.4000 0.5000 0.0556
35.4000 0.5200 0.0564
35.4000 0.5400 0.0571
35.4000 0.5600 0.0577
35.4000 0.5800 0.0584
35.6000 0.1600 0.0245
35.6000 0.1800 0.0287
35.6000 0.2000 0.0322
35.6000 0.2200 0.0353
35.6000 0.2400 0.0379
35.6000 0.2600 0.0402
35.6000 0.2800 0.0422
35.6000 0.3000 0.0440
35.6000 0.3200 0.0457
35.6000 0.3400 0.0472
35.6000 0.3600 0.0485
35.6000 0.3800 0.0498
35.6000 0.4000 0.0509
35.6000 0.4200 0.0520
35.6000 0.4400 0.0529
35.6000 0.4600 0.0538
35.6000 0.4800 0.0547
35.6000 0.5000 0.0555
35.6000 0.5200 0.0562
35.6000 0.5400 0.0569
35.6000 0.5600 0.0576
35.6000 0.5800 0.0582
35.8000 0.1600 0.0244
35.8000 0.1800 0.0286
35.8000 0.2000 0.0321
35.8000 0.2200 0.0351
35.8000 0.2400 0.0377
35.8000 0.2600 0.0400
35.8000 0.2800 0.0420
35.8000 0.3000 0.0439
35.8000 0.3200 0.0455
35.8000 0.3400 0.0470
35.8000 0.3600 0.0484
35.8000 0.3800 0.0496
35.8000 0.4000 0.0508
35.8000 0.4200 0.0518
35.8000 0.4400 0.0528
35.8000 0.4600 0.0537
35.8000 0.4800 0.0546
35.8000 0.5000 0.0554
35.8000 0.5200 0.0561
35.8000 0.5400 0.0568
35.8000 0.5600 0.0575
35.8000 0.5800 0.0581
36.0000 0.1600 0.0242
36.0000 0.1800 0.0284
36.0000 0.2000 0.0319
36.0000 0.2200 0.0349
36.0000 0.2400 0.0375
36.0000 0.2600 0.0398
36.0000 0.2800 0.0419
36.0000 0.3000 0.0437
36.0000 0.3200 0.0454
36.0000 0.3400 0.0468
36.0000 0.3600 0.0482
36.0000 0.3800 0.0495
36.0000 0.4000 0.0506
36.0000 0.4200 0.0517
36.0000 0.4400 0.0526
36.0000 0.4600 0.0536
36.0000 0.4800 0.0544
36.0000 0.5000 0.0552
36.0000 0.5200 0.0560
36.0000 0.5400 0.0567
36.0000 0.5600 0.0573
36.0000 0.5800 0.0580
36.2000 0.1600 0.0241
36.2000 0.1800 0.0282
36.2000 0.2000 0.0318
36.2000 0.2200 0.0348
36.2000 0.2400 0.0374
36.2000 0.2600 0.0397
36.2000 0.2800 0.0417
36.2000 0.3000 0.0436
36.2000 0.3200 0.0452
36.2000 0.3400 0.0467
36.2000 0.3600 0.0481
36.2000 0.3800 0.0493
36.2000 0.4000 0.0505
36.2000 0.4200 0.0515
36.2000 0.4400 0.0525
36.2000 0.4600 0.0534
36.2000 0.4800 0.0543
36.2000 0.5000 0.0551
36.2000 0.5200 0.0558
36.2000 0.5400 0.0565
36.2000 0.5600 0.0572
36.2000 0.5800 0.0579
36.4000 0.1600 0.0240
36.4000 0.1800 0.0281
36.4000 0.2000 0.0316
36.4000 0.2200 0.0346
36.4000 0.2400 0.0372
36.4000 0.2600 0.0395
36.4000 0.2800 0.0416
36.4000 0.3000 0.0434
36.4000 0.3200 0.0450
36.4000 0.3400 0.0465
36.4000 0.3600 0.0479
36.4000 0.3800 0.0492
36.4000 0.4000 0.0503
36.4000 0.4200 0.0514
36.4000 0.4400 0.0524
36.4000 0.4600 0.0533
36.4000 0.4800 0.0541
36.4000 0.5000 0.0550
36.4000 0.5200 0.0557
36.4000 0.5400 0.0564
36.4000 0.5600 0.0571
36.4000 0.5800 0.0577
36.6000 0.1600 0.0238
36.6000 0.1800 0.0280
36.6000 0.2000 0.0314
36.6000 0.2200 0.0344
36.6000 0.2400 0.0371
36.6000 0.2600 0.0394
36.6000 0.2800 0.0414
36.6000 0.3000 0.0432
36.6000 0.3200 0.0449
36.6000 0.3400 0.0464
36.6000 0.3600 0.0478
36.6000 0.3800 0.0490
36.6000 0.4000 0.0502
36.6000 0.4200 0.0512
36.6000 0.4400 0.0522
36.6000 0.4600 0.0531
36.6000 0.4800 0.0540
36.6000 0.5000 0.0548
36.6000 0.5200 0.0556
36.6000 0.5400 0.0563
36.6000 0.5600 0.0570
36.6000 0.5800 0.0576
36.8000 0.1600 0.0237
36.8000 0.1800 0.0278
36.8000 0.2000 0.0313
36.8000 0.2200 0.0343
36.8000 0.2400 0.0369
36.8000 0.2600 0.0392
36.8000 0.2800 0.0412
36.8000 0.3000 0.0431
36.8000 0.3200 0.0447
36.8000 0.3400 0.0462
36.8000 0.3600 0.0476
36.8000 0.3800 0.0489
36.8000 0.4000 0.0500
36.8000 0.4200 0.0511
36.8000 0.4400 0.0521
36.8000 0.4600 0.0530
36.8000 0.4800 0.0539
36.8000 0.5000 0.0547
36.8000 0.5200 0.0555
36.8000 0.5400 0.0562
36.8000 0.5600 0.0568
36.8000 0.5800 0.0575
37.0000 0.1600 0.0235
37.0000 0.1800 0.0277
37.0000 0.2000 0.0311
37.0000 0.2200 0.0341
37.0000 0.2400 0.0367
37.0000 0.2600 0.0390
37.0000 0.2800 0.0411
37.0000 0.3000 0.0429
37.0000 0.3200 0.0446
37.0000 0.3400 0.0461
37.0000 0.3600 0.0475
37.0000 0.3800 0.0487
37.0000 0.4000 0.0499
37.0000 0.4200 0.0510
37.0000 0.4400 0.0519
37.0000 0.4600 0.0529
37.0000 0.4800 0.0537
37.0000 0.5000 0.0546
37.0000 0.5200 0.0553
37.0000 0.5400 0.0560
37.0000 0.5600 0.0567
37.0000 0.5800 0.0574
37.2000 0.1600 0.0234
37.2000 0.1800 0.0275
37.2000 0.2000 0.0310
37.2000 0.2200 0.0340
37.2000 0.2400 0.0366
37.2000 0.2600 0.0389
37.2000 0.2800 0.0409
37.2000 0.3000 0.0428
37.2000 0.3200 0.0444
37.2000 0.3400 0.0459
37.2000 0.3600 0.0473
37.2000 0.3800 0.0486
37.2000 0.4000 0.0497
37.2000 0.4200 0.0508
37.2000 0.4400 0.0518
37.2000 0.4600 0.0527
37.2000 0.4800 0.0536
37.2000 0.5000 0.0544
37.2000 0.5200 0.0552
37.2000 0.5400 0.0559
37.2000 0.5600 0.0566
37.2000 0.5800 0.0573
37.4000 0.1600 0.0233
37.4000 0.1800 0.0274
37.4000 0.2000 0.0308
37.4000 0.2200 0.0338
37.4000 0.2400 0.0364
37.4000 0.2600 0.0387
37.4000 0.2800 0.0408
37.4000 0.3000 0.0426
37.4000 0.3200 0.0443
37.4000 0.3400 0.0458
37.4000 0.3600 0.0472
37.4000 0.3800 0.0484
37.4000 0.4000 0.0496
37.4000 0.4200 0.0507
37.4000 0.4400 0.0517
37.4000 0.4600 0.0526
37.4000 0.4800 0.0535
37.4000 0.5000 0.0543
37.4000 0.5200 0.0551
37.4000 0.5400 0.0558
37.4000 0.5600 0.0565
37.4000 0.5800 0.0571
37.6000 0.1600 0.0232
37.6000 0.1800 0.0272
37.6000 0.2000 0.0307
37.6000 0.2200 0.0337
37.6000 0.2400 0.0363
37.6000 0.2600 0.0386
37.6000 0.2800 0.0406
37.6000 0.3000 0.0425
37.6000 0.3200 0.0441
37.6000 0.3400 0.0456
37.6000 0.3600 0.0470
37.6000 0.3800 0.0483
37.6000 0.4000 0.0495
37.6000 0.4200 0.0505
37.6000 0.4400 0.0516
37.6000 0.4600 0.0525
37.6000 0.4800 0.0534
37.6000 0.5000 0.0542
37.6000 0.5200 0.0550
37.6000 0.5400 0.0557
37.6000 0.5600 0.0564
37.6000 0.5800 0.0570
37.8000 0.1600 0.0230
37.8000 0.1800 0.0271
37.8000 0.2000 0.0306
37.8000 0.2200 0.0335
37.8000 0.2400 0.0361
37.8000 0.2600 0.0384
37.8000 0.2800 0.0405
37.8000 0.3000 0.0423
37.8000 0.3200 0.0440
37.8000 0.3400 0.0455
37.8000 0.3600 0.0469
37.8000 0.3800 0.0482
37.8000 0.4000 0.0493
37.8000 0.4200 0.0504
37.8000 0.4400 0.0514
37.8000 0.4600 0.0524
37.8000 0.4800 0.0532
37.8000 0.5000 0.0541
37.8000 0.5200 0.0548
37.8000 0.5400 0.0556
37.8000 0.5600 0.0563
37.8000 0.5800 0.0569
38.0000 0.1600 0.0229
38.0000 0.1800 0.0270
38.0000 0.2000 0.0304
38.0000 0.2200 0.0334
38.0000 0.2400 0.0360
38.0000 0.2600 0.0383
38.0000 0.2800 0.0403
38.0000 0.3000 0.0422
38.0000 0.3200 0.0438
38.0000 0.3400 0.0454
38.0000 0.3600 0.0467
38.0000 0.3800 0.0480
38.0000 0.4000 0.0492
38.0000 0.4200 0.0503
38.0000 0.4400 0.0513
38.0000 0.4600 0.0522
38.0000 0.4800 0.0531
38.0000 0.5000 0.0539
38.0000 0.5200 0.0547
38.0000 0.5400 0.0555
38.0000 0.5600 0.0561
38.0000 0.5800 0.0568
38.2000 0.1600 0.0228
38.2000 0.1800 0.0268
38.2000 0.2000 0.0303
38.2000 0.2200 0.0332
38.2000 0.2400 0.0358
38.2000 0.2600 0.0381
38.2000 0.2800 0.0402
38.2000 0.3000 0.0420
38.2000 0.3200 0.0437
38.2000 0.3400 0.0452
38.2000 0.3600 0.0466
38.2000 0.3800 0.0479
38.2000 0.4000 0.0491
38.2000 0.4200 0.0501
38.2000 0.4400 0.0512
38.2000 0.4600 0.0521
38.2000 0.4800 0.0530
38.2000 0.5000 0.0538
38.2000 0.5200 0.0546
38.2000 0.5400 0.0553
38.2000 0.5600 0.0560
38.2000 0.5800 0.0567
38.4000 0.1600 0.0227
38.4000 0.1800 0.0267
38.4000 0.2000 0.0301
38.4000 0.2200 0.0331
38.4000 0.2400 0.0357
38.4000 0.2600 0.0380
38.4000 0.2800 0.0401
38.4000 0.3000 0.0419
38.4000 0.3200 0.0436
38.4000 0.3400 0.0451
38.4000 0.3600 0.0465
38.4000 0.3800 0.0477
38.4000 0.4000 0.0489
38.4000 0.4200 0.0500
38.4000 0.4400 0.0510
38.4000 0.4600 0.0520
38.4000 0.4800 0.0529
38.4000 0.5000 0.0537
38.4000 0.5200 0.0545
38.4000 0.5400 0.0552
38.4000 0.5600 0.0559
38.4000 0.5800 0.0566
38.6000 0.1600 0.0225
38.6000 0.1800 0.0266
38.6000 0.2000 0.0300
38.6000 0.2200 0.0330
38.6000 0.2400 0.0356
38.6000 0.2600 0.0379
38.6000 0.2800 0.0399
38.6000 0.3000 0.0418
38.6000 0.3200 0.0434
38.6000 0.3400 0.0449
38.6000 0.3600 0.0463
38.6000 0.3800 0.0476
38.6000 0.4000 0.0488
38.6000 0.4200 0.0499
38.6000 0.4400 0.0509
38.6000 0.4600 0.0519
38.6000 0.4800 0.0528
38.6000 0.5000 0.0536
38.6000 0.5200 0.0544
38.6000 0.5400 0.0551
38.6000 0.5600 0.0558
38.6000 0.5800 0.0565
38.8000 0.1600 0.0224
38.8000 0.1800 0.0264
38.8000 0.2000 0.0299
38.8000 0.2200 0.0328
38.8000 0.2400 0.0354
38.8000 0.2600 0.0377
38.8000 0.2800 0.0398
38.8000 0.3000 0.0416
38.8000 0.3200 0.0433
38.8000 0.3400 0.0448
38.8000 0.3600 0.0462
38.8000 0.3800 0.0475
38.8000 0.4000 0.0487
38.8000 0.4200 0.0498
38.8000 0.4400 0.0508
38.8000 0.4600 0.0517
38.8000 0.4800 0.0526
38.8000 0.5000 0.0535
38.8000 0.5200 0.0543
38.8000 0.5400 0.0550
38.8000 0.5600 0.0557
38.8000 0.5800 0.0564
39.0000 0.1600 0.0223
39.0000 0.1800 0.0263
39.0000 0.2000 0.0297
39.0000 0.2200 0.0327
39.0000 0.2400 0.0353
39.0000 0.2600 0.0376
39.0000 0.2800 0.0396
39.0000 0.3000 0.0415
39.0000 0.3200 0.0431
39.0000 0.3400 0.0447
39.0000 0.3600 0.0461
39.0000 0.3800 0.0474
39.0000 0.4000 0.0485
39.0000 0.4200 0.0496
39.0000 0.4400 0.0507
39.0000 0.4600 0.0516
39.0000 0.4800 0.0525
39.0000 0.5000 0.0534
39.0000 0.5200 0.0541
39.0000 0.5400 0.0549
39.0000 0.5600 0.0556
39.0000 0.5800 0.0563
39.2000 0.1600 0.0222
39.2000 0.1800 0.0262
39.2000 0.2000 0.0296
39.2000 0.2200 0.0325
39.2000 0.2400 0.0351
39.2000 0.2600 0.0374
39.2000 0.2800 0.0395
39.2000 0.3000 0.0413
39.2000 0.3200 0.0430
39.2000 0.3400 0.0445
39.2000 0.3600 0.0459
39.2000 0.3800 0.0472
39.2000 0.4000 0.0484
39.2000 0.4200 0.0495
39.2000 0.4400 0.0505
39.2000 0.4600 0.0515
39.2000 0.4800 0.0524
39.2000 0.5000 0.0532
39.2000 0.5200 0.0540
39.2000 0.5400 0.0548
39.2000 0.5600 0.0555
39.2000 0.5800 0.0562
39.4000 0.1600 0.0221
39.4000 0.1800 0.0261
39.4000 0.2000 0.0295
39.4000 0.2200 0.0324
39.4000 0.2400 0.0350
39.4000 0.2600 0.0373
39.4000 0.2800 0.0394
39.4000 0.3000 0.0412
39.4000 0.3200 0.0429
39.4000 0.3400 0.0444
39.4000 0.3600 0.0458
39.4000 0.3800 0.0471
39.4000 0.4000 0.0483
39.4000 0.4200 0.0494
39.4000 0.4400 0.0504
39.4000 0.4600 0.0514
39.4000 0.4800 0.0523
39.4000 0.5000 0.0531
39.4000 0.5200 0.0539
39.4000 0.5400 0.0547
39.4000 0.5600 0.0554
39.4000 0.5800 0.0561
39.6000 0.1600 0.0220
39.6000 0.1800 0.0259
39.6000 0.2000 0.0293
39.6000 0.2200 0.0323
39.6000 0.2400 0.0349
39.6000 0.2600 0.0372
39.6000 0.2800 0.0392
39.6000 0.3000 0.0411
39.6000 0.3200 0.0427
39.6000 0.3400 0.0443
39.6000 0.3600 0.0457
39.6000 0.3800 0.0470
39.6000 0.4000 0.0482
39.6000 0.4200 0.0493
39.6000 0.4400 0.0503
39.6000 0.4600 0.0513
39.6000 0.4800 0.0522
39.6000 0.5000 0.0530
39.6000 0.5200 0.0538
39.6000 0.5400 0.0546
39.6000 0.5600 0.0553
39.6000 0.5800 0.0559
39.8000 0.1600 0.0219
39.8000 0.1800 0.0258
39.8000 0.2000 0.0292
39.8000 0.2200 0.0321
39.8000 0.2400 0.0347
39.8000 0.2600 0.0370
39.8000 0.2800 0.0391
39.8000 0.3000 0.0409
39.8000 0.3200 0.0426
39.8000 0.3400 0.0441
39.8000 0.3600 0.0455
39.8000 0.3800 0.0468
39.8000 0.4000 0.0480
39.8000 0.4200 0.0491
39.8000 0.4400 0.0502
39.8000 0.4600 0.0511
39.8000 0.4800 0.0521
39.8000 0.5000 0.0529
39.8000 0.5200 0.0537
39.8000 0.5400 0.0545
39.8000 0.5600 0.0552
39.8000 0.5800 0.0558
