   0     0.16        0.107233029243
   0     0.18       0.0748782359366
   0      0.2       0.0638291840729
   0     0.22       0.0589781660834
   0     0.24        0.056770427246
   0     0.26       0.0559332775987
   0     0.28       0.0558980684349
   0      0.3       0.0563725036906
   0     0.32       0.0571909489294
   0     0.34       0.0582525290434
   0     0.36       0.0594922970455
   0     0.38       0.0608665464726
   0      0.4       0.0623447844433
   0     0.42       0.0639050890486
   0     0.44       0.0655312956482
   0     0.46       0.0672112233049
   0     0.48       0.0689355187988
   0      0.5       0.0706968810934
   0     0.52        0.072489527768
   0     0.54       0.0743088196937
   0     0.56       0.0761509917809
   0     0.58       0.0780129563953
 0.5     0.16        0.101730183842
 0.5     0.18       0.0710357318205
 0.5      0.2       0.0605536808582
 0.5     0.22        0.055951601113
 0.5     0.24       0.0538571561515
 0.5     0.26       0.0530629662631
 0.5     0.28       0.0530295639175
 0.5      0.3       0.0534796527205
 0.5     0.32       0.0542560980489
 0.5     0.34       0.0552632013727
 0.5     0.36       0.0564393485697
 0.5     0.38       0.0577430760485
 0.5      0.4       0.0591454557219
 0.5     0.42       0.0606256906408
 0.5     0.44       0.0621684456811
 0.5     0.46       0.0637621649909
 0.5     0.48       0.0653979753268
 0.5      0.5       0.0670689503176
 0.5     0.52        0.068769604277
 0.5     0.54       0.0704955361413
 0.5     0.56       0.0722431740325
 0.5     0.58       0.0740095887638
   1     0.16        0.089223273544
   1     0.18       0.0623024582505
   1      0.2       0.0531090913952
   1     0.22       0.0490728004492
   1     0.24       0.0472358506998
   1     0.26       0.0465393000893
   1     0.28       0.0465100042942
   1      0.3       0.0469047582883
   1     0.32       0.0475857458901
   1     0.34       0.0484690339365
   1     0.36       0.0495005832676
   1     0.38       0.0506440279078
   1      0.4       0.0518739962465
   1     0.42       0.0531722481526
   1     0.44       0.0545253338324
   1     0.46       0.0559231181336
   1     0.48       0.0573578187068
   1      0.5       0.0588233607226
   1     0.52       0.0603149329157
   1     0.54       0.0618286752981
   1     0.56       0.0633614551254
   1     0.58       0.0649107033309
 1.5     0.16       0.0758252021446
 1.5     0.18       0.0529469083941
 1.5      0.2       0.0451340488956
 1.5     0.22       0.0417038611795
 1.5     0.24       0.0401427540765
 1.5     0.26       0.0395507998841
 1.5     0.28       0.0395259032456
 1.5      0.3       0.0398613796321
 1.5     0.32       0.0404401078104
 1.5     0.34       0.0411907583079
 1.5     0.36       0.0420674066692
 1.5     0.38       0.0430391477582
 1.5      0.4       0.0440844198515
 1.5     0.42       0.0451877218186
 1.5     0.44       0.0463376235328
 1.5     0.46       0.0475255117707
 1.5     0.48       0.0487447728072
 1.5      0.5       0.0499902440299
 1.5     0.52       0.0512578366497
 1.5     0.54       0.0525442703074
 1.5     0.56       0.0538468826824
 1.5     0.58       0.0551634904875
   2     0.16       0.0643398175455
   2     0.18        0.044926941562
   2      0.2       0.0382975104438
   2     0.22         0.03538689965
   2     0.24       0.0340622563476
   2     0.26       0.0335599665592
   2     0.28        0.033538841061
   2      0.3       0.0338235022143
   2     0.32       0.0343145693576
   2     0.34        0.034951517426
   2     0.36       0.0356953782273
   2     0.38       0.0365199278835
   2      0.4        0.037406870666
   2     0.42       0.0383430534292
   2     0.44       0.0393187773889
   2     0.46       0.0403267339829
   2     0.48       0.0413613112793
   2      0.5       0.0424181286561
   2     0.52       0.0434937166608
   2     0.54       0.0445852918162
   2     0.56       0.0456905950686
   2     0.58       0.0468077738372
 2.5     0.16       0.0551709383869
 2.5     0.18       0.0385245345633
 2.5      0.2       0.0328398442779
 2.5     0.22       0.0303440161128
 2.5     0.24       0.0292081438519
 2.5     0.26       0.0287774339117
 2.5     0.28       0.0287593189464
 2.5      0.3       0.0290034138716
 2.5     0.32        0.029424500473
 2.5     0.34       0.0299706789358
 2.5     0.36       0.0306085343106
 2.5     0.38       0.0313155798077
 2.5      0.4       0.0320761269691
 2.5     0.42       0.0328788970657
 2.5     0.44       0.0337155734587
 2.5     0.46       0.0345798891074
 2.5     0.48       0.0354670318202
 2.5      0.5       0.0363732452445
 2.5     0.52       0.0372955543496
 2.5     0.54       0.0382315723233
 2.5     0.56       0.0391793620429
 2.5     0.58       0.0401373349337
   3     0.16       0.0479560685639
   3     0.18       0.0334865651179
   3      0.2       0.0285452789071
   3     0.22       0.0263758377101
   3     0.24       0.0253885068868
   3     0.26        0.025014122183
   3     0.28       0.0249983761663
   3      0.3       0.0252105500628
   3     0.32       0.0255765699007
   3     0.34       0.0260513229605
   3     0.36       0.0266057640663
   3     0.38       0.0272203470937
   3      0.4       0.0278814352116
   3     0.42       0.0285792246442
   3     0.44       0.0293064863446
   3     0.46       0.0300577728321
   3     0.48       0.0308289012197
   3      0.5       0.0316166063844
   3     0.52       0.0324183023492
   3     0.54       0.0332319144326
   3     0.56       0.0340557588352
   3     0.58       0.0348884547251
 3.5     0.16       0.0422411596637
 3.5     0.18        0.029495982179
 3.5      0.2       0.0251435474189
 3.5     0.22       0.0232326378151
 3.5     0.24       0.0223629668808
 3.5     0.26       0.0220331974789
 3.5     0.28       0.0220193279098
 3.5      0.3       0.0222062171129
 3.5     0.32       0.0225286184873
 3.5     0.34       0.0229467953812
 3.5     0.36        0.023435163923
 3.5     0.38       0.0239765072934
 3.5      0.4        0.024558813758
 3.5     0.42       0.0251734478537
 3.5     0.44       0.0258140420167
 3.5     0.46       0.0264757979409
 3.5     0.48       0.0271550312124
 3.5      0.5       0.0278488658121
 3.5     0.52       0.0285550239327
 3.5     0.54        0.029271678132
 3.5     0.56       0.0299973452685
 3.5     0.58       0.0307308090633
   4     0.16       0.0376520302796
   4     0.18       0.0262915039021
   4      0.2       0.0224119227855
   4     0.22       0.0207086166538
   4     0.24       0.0199334277951
   4     0.26       0.0196394849298
   4     0.28        0.019627122167
   4      0.3       0.0197937075068
   4     0.32       0.0200810828158
   4     0.34       0.0204538284789
   4     0.36       0.0208891400866
   4     0.38        0.021371671275
   4      0.4       0.0218907152788
   4     0.42       0.0224385748018
   4     0.44       0.0230095740597
   4     0.46       0.0235994360402
   4     0.48       0.0242048766083
   4      0.5       0.0248233321991
   4     0.52        0.025452772469
   4     0.54       0.0260915685112
   4     0.56       0.0267383983145
   4     0.58        0.027392177738
 4.5     0.16       0.0339100612806
 4.5     0.18       0.0236785772735
 4.5      0.2       0.0201845602861
 4.5     0.22       0.0186505337043
 4.5     0.24       0.0179523853838
 4.5     0.26        0.017687655421
 4.5     0.28       0.0176765213058
 4.5      0.3       0.0178265509068
 4.5     0.32       0.0180853660163
 4.5     0.34       0.0184210671242
 4.5     0.36       0.0188131161899
 4.5     0.38       0.0192476920162
 4.5      0.4       0.0197151519073
 4.5     0.42       0.0202085635469
 4.5     0.44        0.020722815227
 4.5     0.46        0.021254054997
 4.5     0.48       0.0217993251089
 4.5      0.5       0.0223563167725
 4.5     0.52       0.0229232014257
 4.5     0.54       0.0234985120471
 4.5     0.56       0.0240810580108
 4.5     0.58       0.0246698629213
   5     0.16       0.0308131842157
   5     0.18       0.0215161027713
   5      0.2       0.0183411810808
   5     0.22       0.0169472513186
   5     0.24       0.0163128622318
   5     0.26       0.0160723090508
   5     0.28        0.016062191772
   5      0.3       0.0161985197396
   5     0.32       0.0164336982484
   5     0.34       0.0167387410495
   5     0.36       0.0170949857635
   5     0.38       0.0174898734306
   5      0.4       0.0179146419859
   5     0.42        0.018362992215
   5     0.44       0.0188302792429
   5     0.46        0.019313002903
   5     0.48       0.0198084755672
   5      0.5       0.0203145992983
   5     0.52       0.0208297125298
   5     0.54       0.0213524822179
   5     0.56        0.021881826472
   5     0.58        0.022416858067
 5.5     0.16       0.0282148764695
 5.5     0.18       0.0197017671899
 5.5      0.2       0.0167945693271
 5.5     0.22       0.0155181820582
 5.5     0.24       0.0149372875427
 5.5     0.26       0.0147170188992
 5.5     0.28       0.0147077547554
 5.5      0.3       0.0148325869291
 5.5     0.32       0.0150479341171
 5.5     0.34       0.0153272543227
 5.5     0.36       0.0156534588632
 5.5     0.38       0.0160150478074
 5.5      0.4       0.0164039979474
 5.5     0.42       0.0168145412474
 5.5     0.44       0.0172424245092
 5.5     0.46       0.0176844427161
 5.5     0.48       0.0181381348733
 5.5      0.5       0.0186015799509
 5.5     0.52       0.0190732564934
 5.5     0.54       0.0195519438653
 5.5     0.56       0.0200366514059
 5.5     0.58       0.0205265667049
   6     0.16       0.0260078297719
   6     0.18       0.0181606397545
   6      0.2       0.0154808510547
   6     0.22       0.0143043063745
   6     0.24       0.0137688510557
   6     0.26       0.0135658124427
   6     0.28       0.0135572729662
   6      0.3       0.0136723404175
   6     0.32        0.013870842545
   6     0.34       0.0141283135415
   6     0.36       0.0144290014488
   6     0.38       0.0147623058925
   6      0.4       0.0151208312627
   6     0.42       0.0154992607154
   6     0.44       0.0158936737495
   6     0.46       0.0163011160537
   6     0.48       0.0167193191391
   6      0.5       0.0171465122441
   6     0.52       0.0175812929258
   6     0.54       0.0180225360301
   6     0.56       0.0184693283887
   6     0.58       0.0189209211403
 6.5     0.16       0.0241123660573
 6.5     0.18       0.0168370831952
 6.5      0.2       0.0143525988436
 6.5     0.22       0.0132618013315
 6.5     0.24       0.0127653702656
 6.5     0.26       0.0125771292089
 6.5     0.28       0.0125692120937
 6.5      0.3       0.0126758933712
 6.5     0.32       0.0128599285639
 6.5     0.34       0.0130986349447
 6.5     0.36        0.013377408566
 6.5     0.38       0.0136864216143
 6.5      0.4       0.0140188174752
 6.5     0.42        0.014369666799
 6.5     0.44       0.0147353348128
 6.5     0.46        0.015113082517
 6.5     0.48       0.0155008067511
 6.5      0.5       0.0158968658078
 6.5     0.52       0.0162999594547
 6.5     0.54       0.0167090445397
 6.5     0.56       0.0171232744465
 6.5     0.58       0.0175419548912
   7     0.16        0.022468438899
   7     0.18       0.0156891685416
   7      0.2       0.0133740707732
   7     0.22       0.0123576413945
   7     0.24       0.0118950558877
   7     0.26        0.011719648685
   7     0.28        0.011712271341
   7      0.3       0.0118116793278
   7     0.32       0.0119831674128
   7     0.34       0.0122055993267
   7     0.36       0.0124653667865
   7     0.38       0.0127533120166
   7      0.4       0.0130630458715
   7     0.42       0.0133899750736
   7     0.44       0.0137307126605
   7     0.46       0.0140827063716
   7     0.48       0.0144439964351
   7      0.5       0.0148130530716
   7     0.52       0.0151886646958
   7     0.54       0.0155698592751
   7     0.56       0.0159558479138
   7     0.58       0.0163459836627
 7.5     0.16       0.0210301272542
 7.5     0.18       0.0146848302379
 7.5      0.2       0.0125179328894
 7.5     0.22       0.0115665699898
 7.5     0.24       0.0111335967816
 7.5     0.26       0.0109694182283
 7.5     0.28       0.0109625131431
 7.5      0.3       0.0110555575519
 7.5     0.32       0.0112160678689
 7.5     0.34        0.011424260858
 7.5     0.36       0.0116673993671
 7.5     0.38       0.0119369118534
 7.5      0.4        0.012226818171
 7.5     0.42       0.0125328190799
 7.5     0.44       0.0128517444331
 7.5     0.46       0.0131812053525
 7.5     0.48       0.0135193675206
 7.5      0.5       0.0138647990864
 7.5     0.52       0.0142163660238
 7.5     0.54        0.014573158525
 7.5     0.56        0.014934438195
 7.5     0.58        0.015299599499
   8     0.16       0.0197618178681
   8     0.18       0.0137992004079
   8      0.2       0.0117629868262
   8     0.22       0.0108689998275
   8     0.24       0.0104621388713
   8     0.26       0.0103078617892
   8     0.28        0.010301373144
   8      0.3       0.0103888061222
   8     0.32       0.0105396361963
   8     0.34       0.0107352732404
   8     0.36       0.0109637482693
   8     0.38        0.011217006683
   8      0.4       0.0114894289931
   8     0.42        0.011776975243
   8     0.44       0.0120766664749
   8     0.46       0.0123862578818
   8     0.48       0.0127040257723
   8      0.5       0.0130286246493
   8     0.52       0.0133589888788
   8     0.54       0.0136942635227
   8     0.56       0.0140337547179
   8     0.58        0.014376893449
 8.5     0.16        0.018635527793
 8.5     0.18       0.0130127392348
 8.5      0.2       0.0110925760673
 8.5     0.22       0.0102495402861
 8.5     0.24      0.00986586765511
 8.5     0.26      0.00972038332412
 8.5     0.28      0.00971426448784
 8.5      0.3      0.00979671437716
 8.5     0.32      0.00993894815626
 8.5     0.34       0.0101234352109
 8.5     0.36       0.0103388887071
 8.5     0.38       0.0105777131026
 8.5      0.4        0.010834609182
 8.5     0.42       0.0111057672388
 8.5     0.44       0.0113883780957
 8.5     0.46       0.0116803248845
 8.5     0.48       0.0119799821526
 8.5      0.5       0.0122860810872
 8.5     0.52       0.0125976167881
 8.5     0.54       0.0129137830429
 8.5     0.56       0.0132339255342
 8.5     0.58       0.0135575076764
   9     0.16       0.0176290014132
   9     0.18       0.0123099061592
   9      0.2       0.0104934532221
   9     0.22      0.00969595077724
   9     0.24      0.00933300074814
   9     0.26       0.0091953741939
   9     0.28      0.00918958584303
   9      0.3       0.0092675825186
   9     0.32      0.00940213408702
   9     0.34      0.00957665678271
   9     0.36      0.00978047338675
   9     0.38       0.0100063986009
   9      0.4       0.0102494194263
   9     0.42       0.0105059319232
   9     0.44       0.0107732786414
   9     0.46       0.0110494570469
   9     0.48       0.0113329294799
   9      0.5       0.0116224956574
   9     0.52       0.0119172049553
   9     0.54       0.0122162947055
   9     0.56       0.0125191459311
   9     0.58       0.0128252510281
 9.5     0.16        0.016724339202
 9.5     0.18       0.0116782023738
 9.5      0.2       0.0099549638107
 9.5     0.22      0.00919838656108
 9.5     0.24      0.00885406193046
 9.5     0.26      0.00872349791708
 9.5     0.28      0.00871800660528
 9.5      0.3       0.0087920007487
 9.5     0.32      0.00891964757438
 9.5     0.34      0.00908521434092
 9.5     0.36      0.00927857174904
 9.5     0.38      0.00949290322628
 9.5      0.4       0.0097234530244
 9.5     0.42      0.00996680214604
 9.5     0.44       0.0102204295123
 9.5     0.46       0.0104824353529
 9.5     0.48       0.0107513609156
 9.5      0.5       0.0110260675118
 9.5     0.52       0.0113056533005
 9.5     0.54       0.0115893947512
 9.5     0.56       0.0118767046507
 9.5     0.58       0.0121671014436
  10     0.16       0.0159069961269
  10     0.18       0.0111074714335
  10      0.2      0.00946845007555
  10     0.22      0.00874884786981
  10     0.24      0.00842135089072
  10     0.26      0.00829716773287
  10     0.28      0.00829194478956
  10      0.3      0.00836232273027
  10     0.32      0.00848373126769
  10     0.34      0.00864120654263
  10     0.36      0.00882511428959
  10     0.38      0.00902897107204
  10      0.4      0.00924825356216
  10     0.42      0.00947970985402
  10     0.44      0.00972094207756
  10     0.46      0.00997014330704
  10     0.48       0.0102259260816
  10      0.5       0.0104872073622
  10     0.52       0.0107531293818
  10     0.54       0.0110230039701
  10     0.56       0.0112962726119
  10     0.58       0.0115724772861
10.5     0.16       0.0151650404289
10.5     0.18       0.0105893816788
10.5      0.2      0.00902680977912
10.5     0.22       0.0083407722359
10.5     0.24      0.00802855081531
10.5     0.26      0.00791015997681
10.5     0.28      0.00790518064911
10.5      0.3      0.00797227592642
10.5     0.32      0.00808802156209
10.5     0.34      0.00823815166157
10.5     0.36      0.00841348133385
10.5     0.38      0.00860782955163
10.5      0.4       0.0088168839703
10.5     0.42      0.00903754436372
10.5     0.44      0.00926752470656
10.5     0.46      0.00950510235414
10.5     0.48      0.00974895456144
10.5      0.5      0.00999804880598
10.5     0.52       0.0102515673299
10.5     0.54       0.0105088540615
10.5     0.56       0.0107693765365
10.5     0.58       0.0110326980975
  11     0.16       0.0144885982342
  11     0.18       0.0101170384222
  11      0.2      0.00862416561561
  11     0.22      0.00796872902882
  11     0.24      0.00767043435929
  11     0.26       0.0075573243876
  11     0.28      0.00755256716465
  11      0.3      0.00761666963248
  11     0.32      0.00772725239158
  11     0.34      0.00787068588287
  11     0.36      0.00803819491077
  11     0.38      0.00822387415496
  11      0.4      0.00842360362455
  11     0.42      0.00863442138012
  11     0.44      0.00885414336536
  11     0.46      0.00908112377477
  11     0.48      0.00931409886486
  11      0.5      0.00955208216918
  11     0.52      0.00979429240633
  11     0.54       0.0100401027688
  11     0.56       0.0102890045431
  11     0.58       0.0105405805493
11.5     0.16       0.0138694325073
11.5     0.18      0.00968468994047
11.5      0.2       0.0082556145877
11.5     0.22      0.00762818787904
11.5     0.24      0.00734264073918
11.5     0.26      0.00723436448686
11.5     0.28      0.00722981056234
11.5      0.3       0.0072911736312
11.5     0.32      0.00739703067058
11.5     0.34      0.00753433457636
11.5     0.36      0.00769468515818
11.5     0.38      0.00787242945778
11.5      0.4      0.00806362355078
11.5     0.42      0.00826543207532
11.5     0.44      0.00847576431004
11.5     0.46      0.00869304478245
11.5     0.48      0.00891606375472
11.5      0.5      0.00914387691676
11.5     0.52      0.00937573637496
11.5     0.54      0.00961104210823
11.5     0.56       0.0098493071429
11.5     0.58       0.0100901321269
  12     0.16       0.0133006203213
  12     0.18       0.0092875021209
  12      0.2      0.00791703590553
  12     0.22      0.00731534117671
  12     0.24      0.00704150487598
  12     0.26      0.00693766924166
  12     0.28      0.00693330208238
  12      0.3      0.00699214853339
  12     0.32      0.00709366417136
  12     0.34      0.00722533697905
  12     0.36      0.00737911127414
  12     0.38      0.00754956593709
  12      0.4      0.00773291879145
  12     0.42      0.00792645075904
  12     0.44      0.00812815686301
  12     0.46      0.00833652624403
  12     0.48      0.00855039877797
  12      0.5      0.00876886888271
  12     0.52      0.00899121933719
  12     0.54      0.00921687472835
  12     0.56      0.00944536805425
  12     0.58      0.00967631634101
12.5     0.16       0.0127763029267
12.5     0.18      0.00892138394018
12.5      0.2      0.00760494221826
12.5     0.22      0.00702696660968
12.5     0.24      0.00676392507883
12.5     0.26      0.00666418269941
12.5     0.28      0.00665998769582
12.5      0.3      0.00671651438903
12.5     0.32      0.00681402822756
12.5     0.34      0.00694051042446
12.5     0.36      0.00708822285658
12.5     0.38      0.00725195810776
12.5      0.4      0.00742808309691
12.5     0.42      0.00761398593333
12.5     0.44      0.00780774067742
12.5     0.46      0.00800789602869
12.5     0.48      0.00821333759573
12.5      0.5      0.00842319549491
12.5     0.52      0.00863678077844
12.5     0.54       0.0088535407163
12.5     0.56      0.00907302671605
12.5     0.58      0.00929487090081
  13     0.16       0.0122914903235
  13     0.18      0.00858285100173
  13      0.2      0.00731636328778
  13     0.22      0.00676031967791
  13     0.24      0.00650725958301
  13     0.26      0.00641130205144
  13     0.28      0.00640726623245
  13      0.3      0.00646164795042
  13     0.32      0.00655546150585
  13     0.34      0.00667714417948
  13     0.36      0.00681925148083
  13     0.38      0.00697677359555
  13      0.4      0.00714621530434
  13     0.42       0.0073250638279
  13     0.44      0.00751146630879
  13     0.46      0.00770402651791
  13     0.48       0.0079016723508
  13      0.5      0.00810356693267
  13     0.52      0.00830904745866
  13     0.54      0.00851758217282
  13     0.56      0.00872873950507
  13     0.58      0.00894216553809
13.5     0.16       0.0118419070649
13.5     0.18      0.00826891786427
13.5      0.2      0.00704875420529
13.5     0.22      0.00651304888568
13.5     0.24       0.0062692449167
13.5     0.26       0.0061767972036
13.5     0.28      0.00617290900191
13.5      0.3      0.00622530161121
13.5     0.32      0.00631568376794
13.5     0.34      0.00643291567998
13.5     0.36      0.00656982515243
13.5     0.38      0.00672158561387
13.5      0.4      0.00688482968888
13.5     0.42      0.00705713650758
13.5     0.44      0.00723672098409
13.5     0.46      0.00742223795891
13.5     0.48      0.00761265454171
13.5      0.5      0.00780716446788
13.5     0.52      0.00800512917586
13.5     0.54       0.0082060363596
13.5     0.56      0.00840947023448
13.5     0.58      0.00861508982834
  14     0.16        0.011423869562
  14     0.18      0.00797701236655
  14      0.2      0.00679992235832
  14     0.22      0.00628312825908
  14     0.24      0.00604793094457
  14     0.26      0.00595874677769
  14     0.28       0.0059549958355
  14      0.3      0.00600553890524
  14     0.32      0.00609273043305
  14     0.34      0.00620582387859
  14     0.36      0.00633790023644
  14     0.38      0.00648430332055
  14      0.4      0.00664178462905
  14     0.42      0.00680800875247
  14     0.44       0.0069812536212
  14     0.46      0.00716022156195
  14     0.48      0.00734391614698
  14      0.5      0.00753155957408
  14     0.52      0.00772253582389
  14     0.54      0.00791635067555
  14     0.56      0.00811260302227
  14     0.58      0.00831096392874
14.5     0.16       0.0110341876774
14.5     0.18      0.00770490691266
14.5      0.2      0.00656796885559
14.5     0.22      0.00606880322256
14.5     0.24      0.00584162877038
14.5     0.26      0.00575548678234
14.5     0.28      0.00575186378927
14.5      0.3      0.00580068277433
14.5     0.32       0.0058849000946
14.5     0.34      0.00599413578715
14.5     0.36      0.00612170686211
14.5     0.38      0.00626311596153
14.5      0.4      0.00641522539383
14.5     0.42      0.00657577941314
14.5     0.44      0.00674311469173
14.5     0.46      0.00691597782149
14.5     0.48      0.00709340636403
14.5      0.5      0.00727464904891
14.5     0.52      0.00745911086991
14.5     0.54      0.00764631446465
14.5     0.56      0.00783587240858
14.5     0.58      0.00802746698675
  15     0.16       0.0106700852115
  15     0.18      0.00745066294942
  15      0.2      0.00635124119733
  15     0.22      0.00586854686634
  15     0.24      0.00564886864139
  15     0.26      0.00556556913811
  15     0.28      0.00556206569537
  15      0.3      0.00560927376774
  15     0.32      0.00569071211281
  15     0.34       0.0057963432822
  15     0.36      0.00591970480913
  15     0.38      0.00605644773799
  15      0.4      0.00620353791367
  15     0.42       0.0063587940247
  15     0.44      0.00652060762926
  15     0.46      0.00668776667878
  15     0.48      0.00685934049312
  15      0.5      0.00703460259198
  15     0.52      0.00721297760299
  15     0.54      0.00739400391559
  15     0.56      0.00757730688934
  15     0.58      0.00776257929316
15.5     0.16       0.0103291352042
15.5     0.18      0.00721258578914
15.5      0.2      0.00614829476441
15.5     0.22      0.00568102436231
15.5     0.24      0.00546836569634
15.5     0.26      0.00538772793059
15.5     0.28      0.00538433643624
15.5      0.3      0.00543003603025
15.5     0.32      0.00550887210891
15.5     0.34      0.00561112795868
15.5     0.36      0.00573054761329
15.5     0.38      0.00586292108289
15.5      0.4      0.00600531116524
15.5     0.42      0.00615560625007
15.5     0.44      0.00631224929146
15.5     0.46      0.00647406697041
15.5     0.48      0.00664015834556
15.5      0.5      0.00680982015045
15.5     0.52      0.00698249539804
15.5     0.54      0.00715773722801
15.5     0.56       0.0073351829711
15.5     0.58      0.00751453521344
  16     0.16       0.0100092069448
  16     0.18      0.00698918760801
  16      0.2      0.00595786127667
  16     0.22      0.00550506381964
  16     0.24      0.00529899191195
  16     0.26      0.00522085177059
  16     0.28      0.00521756532229
  16      0.3      0.00526184944528
  16     0.32      0.00533824370389
  16     0.34      0.00543733234407
  16     0.36      0.00555305316801
  16     0.38      0.00568132658345
  16      0.4      0.00581930636326
  16     0.42      0.00596494630089
  16     0.44      0.00611673757738
  16     0.46       0.0062735432154
  16     0.48       0.0064344901788
  16      0.5      0.00659889698365
  16     0.52      0.00676622389469
  16     0.54      0.00693603789236
  16     0.56      0.00710798754051
  16     0.58      0.00728178463718
16.5     0.16      0.00970842230287
16.5     0.18      0.00677915695287
16.5      0.2      0.00577882279933
16.5     0.22      0.00533963226658
16.5     0.24      0.00513975298387
16.5     0.26        0.005063961016
16.5     0.28      0.00506077332809
16.5      0.3      0.00510372667791
16.5     0.32       0.0051778252282
16.5     0.34      0.00527393617581
16.5     0.36       0.0053861794968
16.5     0.38      0.00551059819393
16.5      0.4      0.00564443157144
16.5     0.42      0.00578569491293
16.5     0.44      0.00593292474064
16.5     0.46      0.00608501824434
16.5     0.48      0.00624112862327
16.5      0.5      0.00640059487267
16.5     0.52      0.00656289347674
16.5     0.54      0.00672760442851
16.5     0.56      0.00689438685276
16.5     0.58      0.00706296120823
  17     0.16      0.00942511952975
  17     0.18      0.00658133346474
  17      0.2      0.00561019019628
  17     0.22      0.00518381574136
  17     0.24      0.00498976916281
  17     0.26      0.00491618889052
  17     0.28      0.00491309422295
  17      0.3      0.00495479414531
  17     0.32      0.00502673041586
  17     0.34      0.00512003673702
  17     0.36      0.00522900467061
  17     0.38      0.00534979268905
  17      0.4      0.00547972065683
  17     0.42      0.00561686177381
  17     0.44      0.00575979526818
  17     0.46      0.00590745051094
  17     0.48      0.00605900541198
  17      0.5      0.00621381825537
  17     0.52      0.00637138080211
  17     0.54      0.00653128530151
  17     0.56      0.00669320082547
  17     0.58      0.00685685599007
17.5     0.16      0.00915782308735
17.5     0.18      0.00639468681099
17.5      0.2      0.00545108517104
17.5     0.22      0.00503680269804
17.5     0.24      0.00484825928154
17.5     0.26      0.00477676574618
17.5     0.28       0.0047737588434
17.5      0.3      0.00481427615573
17.5     0.32      0.00488417231325
17.5     0.34      0.00497483246662
17.5     0.36      0.00508071006901
17.5     0.38      0.00519807253857
17.5      0.4      0.00532431574846
17.5     0.42       0.0054575675426
17.5     0.44      0.00559644744227
17.5     0.46      0.00573991518152
17.5     0.48      0.00588717198472
17.5      0.5      0.00603759433501
17.5     0.52      0.00619068840705
17.5     0.54      0.00634605801395
17.5     0.56      0.00650338161275
17.5     0.58      0.00666239551597
  18     0.16      0.00890521836962
  18     0.18      0.00621829903396
  18      0.2      0.00530072522001
  18     0.22      0.00489787010329
  18     0.24      0.00471452737215
  18     0.26      0.00464500587798
  18     0.28      0.00464208191608
  18      0.3      0.00468148161954
  18     0.32      0.00474944979713
  18     0.34       0.0048376092271
  18     0.36      0.00494056635575
  18     0.38      0.00505469155885
  18      0.4      0.00517745254047
  18     0.42      0.00530702878514
  18     0.44      0.00544207789254
  18     0.46      0.00558158829091
  18     0.48      0.00572478323761
  18      0.5      0.00587105641457
  18     0.52      0.00601992761786
  18     0.54      0.00617101158883
  18     0.56      0.00632399565379
  18     0.58      0.00647862339866
18.5     0.16      0.00866613041865
18.5     0.18      0.00605134968889
18.5      0.2      0.00515841096348
18.5     0.22      0.00476637173026
18.5     0.24      0.00458795139811
18.5     0.26      0.00452029642207
18.5     0.28      0.00451745096291
18.5      0.3      0.00455579286027
18.5     0.32      0.00462193622328
18.5     0.34      0.00470772874246
18.5     0.36      0.00480792167062
18.5     0.38      0.00491898283197
18.5      0.4      0.00503844791782
18.5     0.42      0.00516454529003
18.5     0.44      0.00529596858918
18.5     0.46      0.00543173340221
18.5     0.48      0.00557108384056
18.5      0.5      0.00571342986462
18.5     0.52      0.00585830416301
18.5     0.54      0.00600533182053
18.5     0.56      0.00615420855817
18.5     0.58      0.00630468484609
  19     0.16       0.0084395059205
  19     0.18      0.00589310327208
  19      0.2      0.00502351542887
  19     0.22      0.00464172825628
  19     0.24      0.00446797372262
  19     0.26      0.00440208796471
  19     0.28      0.00439931691601
  19      0.3       0.0044366561498
  19     0.32      0.00450106982427
  19     0.34      0.00458461881772
  19     0.36      0.00468219164083
  19     0.38      0.00479034848632
  19      0.4      0.00490668948867
  19     0.42      0.00502948933911
  19     0.44      0.00515747584031
  19     0.46      0.00528969032221
  19     0.48      0.00542539666318
  19      0.5       0.0055640202535
  19     0.52      0.00570510600226
  19     0.54      0.00584828879852
  19     0.56      0.00599327232036
  19     0.58      0.00613981356327
19.5     0.16      0.00822439790771
19.5     0.18        0.005742898539
19.5      0.2      0.00489547494506
19.5     0.22      0.00452341884924
19.5     0.24      0.00435409300996
19.5     0.26      0.00428988656297
19.5     0.28      0.00428718614338
19.5      0.3      0.00432357366643
19.5     0.32      0.00438634555078
19.5     0.34      0.00446776502881
19.5     0.36        0.004562850894
19.5     0.38      0.00466825101365
19.5      0.4      0.00478162669053
19.5     0.42      0.00490129659094
19.5     0.44       0.0050260209436
19.5     0.46      0.00515486551324
19.5     0.48      0.00528711294067
19.5      0.5      0.00542220326194
19.5     0.52      0.00555969298561
19.5     0.54      0.00569922630677
19.5     0.56       0.0058405144562
19.5     0.58      0.00598332062317
  20     0.16      0.00801995270684
  20     0.18      0.00560013939012
  20      0.2      0.00477378137312
  20     0.22      0.00441097398876
  20     0.24      0.00424585731539
  20     0.26      0.00418324693659
  20     0.28      0.00418061364506
  20      0.3      0.00421609663327
  20     0.32      0.00427730811032
  20     0.34       0.0043567036321
  20     0.36      0.00444942581681
  20     0.38      0.00455220586033
  20      0.4      0.00466276320165
  20     0.42      0.00477945830232
  20     0.44      0.00490108220974
  20     0.46      0.00502672391223
  20     0.48      0.00515568388297
  20      0.5      0.00528741607782
  20     0.52      0.00542148802983
  20     0.54      0.00555755277879
  20     0.56      0.00569532873384
  20     0.58      0.00583458497098
20.5     0.16      0.00782539875706
20.5     0.18      0.00546428706312
20.5      0.2      0.00465797545063
20.5     0.22      0.00430396931638
20.5     0.24       0.0041428581655
20.5     0.26      0.00408176663563
20.5     0.28      0.00407919722442
20.5      0.3      0.00411381944004
20.5     0.32      0.00417354600376
20.5     0.34      0.00425101549021
20.5     0.36      0.00434148835152
20.5     0.38      0.00444177508066
20.5      0.4      0.00454965044015
20.5     0.42      0.00466351466468
20.5     0.44      0.00478218812931
20.5     0.46      0.00490478192237
20.5     0.48      0.00503061348668
20.5      0.5      0.00515915002443
20.5     0.52      0.00528996955977
20.5     0.54      0.00542273354933
20.5     0.56      0.00555716723327
20.5     0.58      0.00569304528952
  21     0.16       0.0076400369948
  21     0.18      0.00533485341878
  21      0.2      0.00454764106833
  21     0.22      0.00420202034714
  21     0.24      0.00404472546783
  21     0.26      0.00398508102506
  21     0.28      0.00398257247601
  21      0.3      0.00401637458839
  21     0.32      0.00407468639723
  21     0.34      0.00415032084868
  21     0.36       0.0042386506615
  21     0.38      0.00433656187912
  21      0.4      0.00444188197372
  21     0.42      0.00455304907393
  21     0.44      0.00466891149682
  21     0.46      0.00478860138655
  21     0.48       0.0049114523538
  21      0.5      0.00503694422125
  21     0.52      0.00516466500848
  21     0.54      0.00529428419126
  21     0.56      0.00542553351804
  21     0.58        0.005558193004
21.5     0.16      0.00746323255532
21.5     0.18      0.00521139514639
21.5      0.2      0.00444240033055
21.5     0.22      0.00410477790543
21.5     0.24      0.00395112311752
21.5     0.26      0.00389285895632
21.5     0.28      0.00389040845969
21.5      0.3      0.00392342832932
21.5     0.32      0.00398039069617
21.5     0.34      0.00405427482798
21.5     0.36      0.00414056052727
21.5     0.38      0.00423620590011
21.5      0.4      0.00433908869495
21.5     0.42      0.00444768318499
21.5     0.44      0.00456086433936
21.5     0.46      0.00467778438598
21.5     0.48      0.00479779235699
21.5      0.5      0.00492038011295
21.5     0.52       0.0050451452074
21.5     0.54      0.00517176476505
21.5     0.56      0.00529997674218
21.5     0.58      0.00542956624483
  22     0.16      0.00729440758583
  22     0.18      0.00509350874528
  22      0.2      0.00434190927728
  22     0.22       0.0040119241722
  22     0.24       0.0038617451925
  22     0.26      0.00380479901853
  22     0.28      0.00380240395431
  22      0.3      0.00383467688507
  22     0.32      0.00389035071244
  22     0.34      0.00396256351937
  22     0.36      0.00404689735926
  22     0.38      0.00414037914856
  22      0.4      0.00424093464292
  22     0.42      0.00434707262885
  22     0.44      0.00445769352467
  22     0.46      0.00457196873567
  22     0.48      0.00468926201946
  22      0.5      0.00480907673116
  22     0.52      0.00493101952802
  22     0.54      0.00505477483847
  22     0.56      0.00518008654646
  22     0.58       0.0053067446191
22.5     0.16      0.00713303500068
22.5     0.18      0.00498082616427
22.5      0.2      0.00424585416707
22.5     0.22      0.00392316925037
22.5     0.24      0.00377631264742
22.5     0.26      0.00372062628122
22.5     0.28      0.00371828420248
22.5      0.3      0.00374984316625
22.5     0.32       0.0038042853337
22.5     0.34      0.00387490059247
22.5     0.36      0.00395736873325
22.5     0.38      0.00404878244535
22.5      0.4      0.00414711337249
22.5     0.42      0.00425090329095
22.5     0.44      0.00435907694486
22.5     0.46      0.00447082407033
22.5     0.48      0.00458552250044
22.5      0.5      0.00470268657745
22.5     0.52      0.00482193166046
22.5     0.54      0.00494294915922
22.5     0.56      0.00506548862367
22.5     0.58      0.00518934466745
  23     0.16      0.00697863303806
  23     0.18      0.00487301100071
  23      0.2      0.00415394823694
  23     0.22      0.00383824817093
  23     0.24      0.00369457043191
  23     0.26      0.00364008945504
  23     0.28      0.00363779807303
  23      0.3      0.00366867391019
  23     0.32       0.0037219376203
  23     0.34      0.00379102433834
  23     0.36      0.00387170737043
  23     0.38      0.00396114233764
  23      0.4      0.00405734478957
  23     0.42      0.00415888806728
  23     0.44      0.00426472018993
  23     0.46      0.00437404843262
  23     0.48       0.0044862640959
  23      0.5      0.00460089203459
  23     0.52      0.00471755593373
  23     0.54      0.00483595388284
  23     0.56      0.00495584085311
  23     0.58      0.00507701590399
23.5     0.16       0.0068307605008
23.5     0.18      0.00476975517728
23.5      0.2      0.00406592886952
23.5     0.22      0.00375691827544
23.5     0.24      0.00361628497101
23.5     0.26      0.00356295840937
23.5     0.28       0.0035607155802
23.5      0.3      0.00359093717916
23.5     0.32      0.00364307226709
23.5     0.34      0.00371069508408
23.5     0.36      0.00378966849702
23.5     0.38      0.00387720839747
23.5      0.4      0.00397137238419
23.5     0.42      0.00407076402818
23.5     0.44      0.00417435363938
23.5     0.46      0.00428136529019
23.5     0.48      0.00439120317909
23.5      0.5       0.0045034022289
23.5     0.52      0.00461759409854
23.5     0.54      0.00473348327479
23.5     0.56      0.00485082992086
23.5     0.58      0.00496943735396
  24     0.16      0.00668901258338
  24     0.18      0.00467077602805
  24      0.2      0.00398155510915
  24     0.22      0.00367895692086
  24     0.24      0.00354124195591
  24     0.26      0.00348902199565
  24     0.28      0.00348682570836
  24      0.3       0.0035164201665
  24     0.32       0.0035674733778
  24     0.34      0.00363369292593
  24     0.36      0.00371102752913
  24     0.38      0.00379675085314
  24      0.4      0.00388896080429
  24     0.42      0.00398628993145
  24     0.44      0.00408772991206
  24     0.46      0.00419252092015
  24     0.48      0.00430007951789
  24      0.5      0.00440995027913
  24     0.52      0.00452177250636
  24     0.54      0.00463525681871
  24     0.56      0.00475016835631
  24     0.58      0.00486631451784
24.5     0.16      0.00655301720266
24.5     0.18      0.00457581373634
24.5      0.2      0.00390060547778
24.5     0.22      0.00360415946147
24.5     0.24      0.00346924440141
24.5     0.26      0.00341808613349
24.5     0.28      0.00341593449926
24.5      0.3      0.00344492726776
24.5     0.32      0.00349494250809
24.5     0.34      0.00355981573603
24.5     0.36      0.00363557803709
24.5     0.38      0.00371955850654
24.5      0.4      0.00380989372248
24.5     0.42      0.00390524403564
24.5     0.44      0.00400462162385
24.5     0.46      0.00410728210925
24.5     0.48        0.004212653916
24.5      0.5      0.00432029087728
24.5     0.52        0.004429839629
24.5     0.54      0.00454101667371
24.5     0.56      0.00465359192653
24.5     0.58      0.00476737670194
  25     0.16      0.00642243176303
  25     0.18      0.00448462907591
  25      0.2      0.00382287604942
  25     0.22      0.00353233746967
  25     0.24      0.00340011093337
  25     0.26      0.00334997212331
  25     0.28      0.00334786336584
  25      0.3       0.0033762783801
  25     0.32      0.00342529694028
  25     0.34      0.00348887740511
  25     0.36      0.00356312995072
  25     0.38      0.00364543689694
  25      0.4      0.00373397195525
  25     0.42      0.00382742217229
  25     0.44      0.00392481941074
  25     0.46      0.00402543412636
  25     0.48      0.00412870613338
  25      0.5      0.00423419815601
  25     0.52      0.00434156387181
  25     0.54      0.00445052543275
  25     0.56      0.00456085733896
  25     0.58      0.00467237466497
25.5     0.16       0.0062969402971
25.5     0.18      0.00439700141436
25.5      0.2      0.00374817874828
25.5     0.22      0.00346331716341
25.5     0.24      0.00333367427494
25.5     0.26      0.00328451515497
25.5     0.28      0.00328244760168
25.5      0.3      0.00331030739918
25.5     0.32      0.00335836815845
25.5     0.34      0.00342070628922
25.5     0.36      0.00349350797305
25.5     0.38      0.00357420667807
25.5      0.4      0.00366101180064
25.5     0.42      0.00375263604192
25.5     0.44      0.00384813018156
25.5     0.46      0.00394677893029
25.5     0.48      0.00404803304814
25.5      0.5      0.00415146380347
25.5     0.52      0.00425673164084
25.5     0.54      0.00436356414124
25.5     0.56      0.00447174021099
25.5     0.58      0.00458107853794
  26     0.16      0.00617625093229
  26     0.18       0.0043127269441
  26      0.2      0.00367633984065
  26     0.22      0.00339693801276
  26     0.24      0.00326977990533
  26     0.26      0.00322156298629
  26     0.28      0.00321953506045
  26      0.3       0.0032468608873
  26     0.32      0.00329400049722
  26     0.34      0.00335514383352
  26     0.36      0.00342655017476
  26     0.38      0.00350570218012
  26      0.4      0.00359084356528
  26     0.42      0.00368071170424
  26     0.44      0.00377437556973
  26     0.46      0.00387113358197
  26     0.48       0.0039704470279
  26      0.5      0.00407189539312
  26     0.52      0.00417514563023
  26     0.54      0.00427993054148
  26     0.56      0.00438603327076
  26     0.58      0.00449327598102
26.5     0.16      0.00606009364072
26.5     0.18      0.00423161711119
26.5      0.2      0.00360719859567
26.5     0.22      0.00333305150239
26.5     0.24      0.00320828486862
26.5     0.26      0.00316097476939
26.5     0.28      0.00315898498293
26.5      0.3      0.00318579689056
26.5     0.32      0.00323204994172
26.5     0.34      0.00329204334994
26.5     0.36      0.00336210674588
26.5     0.38      0.00343977013255
26.5      0.4      0.00352331025623
26.5     0.42      0.00361148823724
26.5     0.44      0.00370339055822
26.5     0.46      0.00379832883405
26.5     0.48      0.00389577448332
26.5      0.5      0.00399531490026
26.5     0.52      0.00409662330113
26.5     0.54      0.00419943751339
26.5     0.56      0.00430354475935
26.5     0.58      0.00440877054658
  27     0.16      0.00594821823627
  27     0.18       0.0041534972167
  27      0.2      0.00354060609302
  27     0.22      0.00327152002995
  27     0.24      0.00314905671332
  27     0.26      0.00310262000595
  27     0.28      0.00310066695295
  27      0.3      0.00312698388589
  27     0.32      0.00317238305934
  27     0.34       0.0032312689291
  27     0.36       0.0033000388845
  27     0.38      0.00337626852719
  27      0.4      0.00345826641643
  27     0.42       0.0035448165435
  27     0.44       0.0036350222555
  27     0.46      0.00372820787557
  27     0.48      0.00382385458046
  27      0.5       0.0039215573815
  27     0.52      0.00402099552772
  27     0.54      0.00412191168654
  27     0.56      0.00422409700836
  27     0.58      0.00432738022206
27.5     0.16      0.00584039258769
27.5     0.18      0.00407820516899
27.5      0.2      0.00347642415934
27.5     0.22      0.00321221592323
27.5     0.24      0.00309197254643
27.5     0.26      0.00304637761519
27.5     0.28      0.00304445996592
27.5      0.3      0.00307029984166
27.5     0.32      0.00311487604677
27.5     0.34      0.00317269446963
27.5     0.36       0.0032402178055
27.5     0.38      0.00331506560402
27.5      0.4      0.00339557708587
27.5     0.42      0.00348055828537
27.5     0.44      0.00356912880359
27.5     0.46      0.00366062521195
27.5     0.48      0.00375453809209
27.5      0.5      0.00385046979674
27.5     0.52      0.00394810538928
27.5     0.54      0.00404719220193
27.5     0.56      0.00414752517097
27.5     0.58      0.00424893612997
  28     0.16      0.00573640102116
  28     0.18      0.00400559036823
  28      0.2      0.00341452441736
  28     0.22      0.00315502056164
  28     0.24      0.00303691818767
  28     0.26      0.00299213510054
  28     0.28      0.00299025159614
  28      0.3      0.00301563137795
  28     0.32      0.00305941387795
  28     0.34      0.00311620281037
  28     0.36      0.00318252385421
  28     0.38       0.0032560389444
  28      0.4      0.00333511687277
  28     0.42      0.00341858493288
  28     0.44      0.00350557840182
  28     0.46      0.00359544566374
  28     0.48      0.00368768637075
  28      0.5      0.00378190995594
  28     0.52      0.00387780709031
  28     0.54      0.00397512960497
  28     0.56      0.00407367608749
  28     0.58      0.00417328136574
28.5     0.16      0.00563604288921
28.5     0.18      0.00393551270712
28.5      0.2      0.00335478743405
28.5     0.22      0.00309982358906
28.5     0.24      0.00298378741193
28.5     0.26      0.00293978780332
28.5     0.28      0.00293793725076
28.5      0.3      0.00296287301419
28.5     0.32      0.00300588954091
28.5     0.34      0.00306168495297
28.5     0.36      0.00312684571251
28.5     0.38      0.00319907465881
28.5      0.4      0.00327676912163
28.5     0.42        0.003358776911
28.5     0.44      0.00344424843229
28.5     0.46      0.00353254346966
28.5     0.48      0.00362317042878
28.5      0.5      0.00371574557569
28.5     0.52       0.0038099649931
28.5     0.54      0.00390558485383
28.5     0.56      0.00400240726915
28.5     0.58      0.00410026995659
  29     0.16      0.00553913128623
  29     0.18      0.00386784167401
  29      0.2      0.00329710195609
  29     0.22      0.00304652220743
  29     0.24      0.00293248126918
  29     0.26      0.00288923823263
  29     0.28      0.00288741950027
  29      0.3      0.00291192649393
  29     0.32      0.00295420335266
  29     0.34      0.00300903936414
  29     0.36       0.0030730796862
  29     0.38      0.00314406665775
  29      0.4      0.00322042516641
  29     0.42      0.00330102283409
  29     0.44      0.00338502467492
  29     0.46      0.00347180148154
  29     0.48      0.00356087011258
  29      0.5      0.00365185343238
  29     0.52      0.00374445274949
  29     0.54      0.00383842842934
  29     0.56      0.00393358598587
  29     0.58      0.00402976592709
29.5     0.16      0.00544549189342
29.5     0.18      0.00380245554626
29.5      0.2      0.00324136422227
29.5     0.22      0.00299502054138
29.5     0.24      0.00288290747298
29.5     0.26      0.00284039546292
29.5     0.28      0.00283860747635
29.5      0.3      0.00286270017761
29.5     0.32      0.00290426234315
29.5     0.34      0.00295817134811
29.5     0.36      0.00302112906416
29.5     0.38      0.00309091599611
29.5      0.4      0.00316598365896
29.5     0.42      0.00324521881756
29.5     0.44      0.00332780060153
29.5     0.46       0.0034131104403
29.5     0.48      0.00350067336005
29.5      0.5      0.00359011860062
29.5     0.52      0.00368115251995
29.5     0.54      0.00377353953451
29.5     0.56      0.00386708844605
29.5     0.58      0.00396164245879
  30     0.16      0.00535496193805
  30     0.18      0.00373924066364
  30      0.2      0.00318747734408
  30     0.22      0.00294522906593
  30     0.24      0.00283497984955
  30     0.26      0.00279317459114
  30     0.28      0.00279141632941
  30      0.3      0.00281510849547
  30     0.32      0.00285597970029
  30     0.34      0.00290899248138
  30     0.36      0.00297090354097
  30     0.38      0.00303953028244
  30      0.4      0.00311334996398
  30     0.42      0.00319126785767
  30     0.44      0.00327247673992
  30     0.46      0.00335636832373
  30     0.48       0.0034424755316
  30      0.5      0.00353043376717
  30     0.52      0.00361995427012
  30     0.54      0.00371080537342
  30     0.56      0.00380279905745
  30     0.58      0.00389578113313
30.5     0.16      0.00526738925429
30.5     0.18      0.00367809077239
30.5      0.2       0.0031353507466
30.5     0.22      0.00289706408986
30.5     0.24      0.00278861784051
30.5     0.26      0.00274749624684
30.5     0.28      0.00274576673894
30.5      0.3      0.00276907145378
30.5     0.32      0.00280927426896
30.5     0.34      0.00286142010243
30.5     0.36      0.00292231869587
30.5     0.38      0.00298982314591
30.5      0.4      0.00306243561296
30.5     0.42      0.00313907927181
30.5     0.44      0.00321896009985
30.5     0.46      0.00330147975773
30.5     0.48      0.00338617880633
30.5      0.5      0.00347269861174
30.5     0.52       0.0035607551359
30.5     0.54      0.00365012050036
30.5     0.56      0.00374060976029
30.5     0.58      0.00383207124815
  31     0.16      0.00518263143408
  31     0.18      0.00361890643242
  31      0.2      0.00308489966315
  31     0.22      0.00285044728875
  31     0.24      0.00274374605334
  31     0.26      0.00270328614926
  31     0.28      0.00270158447096
  31      0.3      0.00272451418848
  31     0.32      0.00276407009818
  31     0.34      0.00281537685047
  31     0.36      0.00287529552165
  31     0.38      0.00294171375425
  31      0.4      0.00301315781051
  31     0.42      0.00308856819247
  31     0.44      0.00316716365416
  31     0.46      0.00324835548416
  31     0.48       0.0033316916362
  31      0.5      0.00341681924716
  31     0.52      0.00350345884944
  31     0.54      0.00359138623141
  31     0.56      0.00368041942421
  31     0.58      0.00377040920075
31.5     0.16      0.00510055505819
31.5     0.18      0.00356159448029
31.5      0.2       0.0030360446775
31.5     0.22      0.00280530528201
31.5     0.24      0.00270029385434
31.5     0.26      0.00266047470628
31.5     0.28      0.00265879997714
31.5      0.3      0.00268136656097
31.5     0.32      0.00272029603104
31.5     0.34      0.00277079024778
31.5     0.36      0.00282975999804
31.5     0.38      0.00289512637737
31.5      0.4      0.00296543898732
31.5     0.42        0.003039655109
31.5     0.44       0.0031170058689
31.5     0.46      0.00319691187889
31.5     0.48       0.0032789282517
31.5      0.5      0.00336270771242
31.5     0.52      0.00344797521934
31.5     0.54      0.00353451011162
31.5     0.56      0.00362213330219
31.5     0.58      0.00371069792728
  32     0.16       0.0050210349988
  32     0.18      0.00350606754226
  32      0.2      0.00298871130881
  32     0.22      0.00276156924934
  32     0.24      0.00265819499936
  32     0.26      0.00261899665061
  32     0.28      0.00261734803129
  32      0.3      0.00263956279142
  32     0.32      0.00267788533269
  32     0.34      0.00272759232077
  32     0.36      0.00278564270481
  32     0.38      0.00284998999146
  32      0.4      0.00291920639465
  32     0.42      0.00299226545199
  32     0.44      0.00306841027704
  32     0.46      0.00314707051465
  32     0.48      0.00322780821351
  32      0.5      0.00331028151292
  32     0.52      0.00339421965919
  32     0.54      0.00347940543168
  32     0.56      0.00356566253538
  32     0.58      0.00365284639618
32.5     0.16      0.00494395378594
32.5     0.18      0.00345224359191
32.5      0.2      0.00294282963449
32.5     0.22      0.00271917458227
32.5     0.24      0.00261738729844
32.5     0.26      0.00257879070933
32.5     0.28      0.00257716739905
32.5      0.3      0.00259904112579
32.5     0.32       0.0026367753525
32.5     0.34       0.0026857192559
32.5     0.36      0.00274287847028
32.5     0.38      0.00280623791938
32.5      0.4      0.00287439173601
32.5     0.42      0.00294632921567
32.5     0.44      0.00302130509141
32.5     0.46      0.00309875776394
32.5     0.48      0.00317825600525
32.5      0.5      0.00325946320275
32.5     0.52      0.00334211275929
32.5     0.54      0.00342599078893
32.5     0.56      0.00351092370306
32.5     0.58      0.00359676914704
  33     0.16      0.00486920103112
  33     0.18       0.0034000455476
  33      0.2       0.0028983339471
  33     0.22      0.00267806056712
  33     0.24       0.0025778123106
  33     0.26      0.00253979930327
  33     0.28       0.0025382005375
  33      0.3      0.00255974353272
  33     0.32       0.0025969072166
  33     0.34      0.00264511108646
  33     0.36      0.00270140605151
  33     0.38      0.00276380750352
  33      0.4      0.00283093083205
  33     0.42      0.00290178061449
  33     0.44      0.00297562285235
  33     0.46      0.00305190443775
  33     0.48      0.00313020066287
  33      0.5       0.0032101800047
  33     0.52      0.00329157989704
  33     0.54      0.00337418968792
  33     0.56      0.00345783841341
  33     0.58      0.00354238587126
33.5     0.16      0.00479667290216
33.5     0.18      0.00334940090582
33.5      0.2      0.00285516244176
33.5     0.22      0.00263817009619
33.5     0.24      0.00253941506585
33.5     0.26      0.00250196827304
33.5     0.28      0.00250039332134
33.5      0.3      0.00252161542754
33.5     0.32      0.00255822554782
33.5     0.34      0.00260571140738
33.5     0.36      0.00266116784298
33.5     0.38      0.00272263980768
33.5      0.4      0.00278876331521
33.5     0.42      0.00285855777007
33.5     0.44      0.00293130010688
33.5     0.46      0.00300644545645
33.5     0.48      0.00308357543711
33.5      0.5      0.00316236346398
33.5     0.52      0.00324255088186
33.5     0.54       0.0033239301765
33.5     0.56      0.00340633293052
33.5     0.58      0.00348962103004
  34     0.16      0.00472627164402
  34     0.18       0.0033002414066
  34      0.2      0.00281325693097
  34     0.22      0.00259944940421
  34     0.24      0.00250214381154
  34     0.26      0.00246524662914
  34     0.28      0.00246369479316
  34      0.3      0.00248460542034
  34     0.32      0.00252067821015
  34     0.34      0.00256746711489
  34     0.36      0.00262210961072
  34     0.38      0.00268267934511
  34      0.4      0.00274783235118
  34     0.42      0.00281660242569
  34     0.44      0.00288827711579
  34     0.46      0.00296231954939
  34     0.48      0.00303831748544
  34      0.5       0.0031159491324
  34     0.52      0.00319495963136
  34     0.54      0.00327514451378
  34     0.56      0.00335633783416
  34     0.58      0.00343840350573
34.5     0.16      0.00465790514104
34.5     0.18      0.00325250272779
34.5      0.2      0.00277256258395
34.5     0.22      0.00256184782757
34.5     0.24      0.00246594978055
34.5     0.26      0.00242958632356
34.5     0.28      0.00242805693522
34.5      0.3      0.00244866508582
34.5     0.32      0.00248421607522
34.5     0.34      0.00253032816872
34.5     0.36      0.00258418024948
34.5     0.38      0.00264387383005
34.5      0.4      0.00270808438432
34.5     0.42       0.0027758596854
34.5     0.44      0.00284649758619
34.5     0.46      0.00291946898058
34.5     0.48      0.00299436759067
34.5      0.5      0.00307087627969
34.5     0.52      0.00314874387534
34.5     0.54      0.00322776886674
34.5     0.56      0.00330778770885
34.5     0.58       0.0033886662834
  35     0.16      0.00459148651641
  35     0.18      0.00320612420543
  35      0.2      0.00273302768834
  35     0.22      0.00252531758403
  35     0.24      0.00243078697928
  35     0.26      0.00239494204097
  35     0.28      0.00239343446068
  35      0.3      0.00241374875279
  35     0.32      0.00244879280875
  35     0.34      0.00249424737452
  35     0.36      0.00254733156047
  35     0.38      0.00260617395035
  35      0.4      0.00266946890489
  35     0.42      0.00273627777532
  35     0.44       0.0028059084267
  35     0.46      0.00287783929761
  35     0.48      0.00295166990341
  35      0.5      0.00302708762949
  35     0.52      0.00310384488509
  35     0.54      0.00318174303276
  35     0.56      0.00326062085948
  35     0.58      0.00334034615943
35.5     0.16      0.00452693376534
35.5     0.18      0.00316104857752
35.5      0.2      0.00269460343175
35.5     0.22      0.00248981357094
35.5     0.24      0.00239661199342
35.5     0.26      0.00236127100723
35.5     0.28      0.00235978462236
35.5      0.3      0.00237981331122
35.5     0.32      0.00241436467485
35.5     0.34      0.00245918018456
35.5     0.36       0.0025115180479
35.5     0.38      0.00256953315926
35.5      0.4      0.00263193823566
35.5     0.42      0.00269780782502
35.5     0.44      0.00276645952326
35.5     0.46      0.00283737910174
35.5     0.48      0.00291017170629
35.5      0.5      0.00298452911745
35.5     0.52      0.00306020722537
35.5     0.54       0.0031370101853
35.5     0.56      0.00321477905075
35.5     0.58      0.00329338347461
  36     0.16       0.0044641694185
  36     0.18      0.00311722174913
  36      0.2      0.00265724370149
  36     0.22      0.00245529318018
  36     0.24       0.0023633838098
  36     0.26      0.00232853281397
  36     0.28      0.00232706703731
  36      0.3      0.00234681803543
  36     0.32      0.00238089035654
  36     0.34      0.00242508451494
  36     0.36      0.00247669673218
  36     0.38       0.0025339074844
  36      0.4      0.00259544733634
  36     0.42      0.00266040366697
  36     0.44      0.00272810353353
  36     0.46      0.00279803983695
  36     0.48      0.00286982319761
  36      0.5      0.00294314966937
  36     0.52      0.00301777852691
  36     0.54      0.00309351664077
  36     0.56      0.00317020726821
  36     0.58      0.00324772186934
36.5     0.16      0.00440312023304
36.5     0.18      0.00307459257652
36.5      0.2      0.00262090490062
36.5     0.22      0.00242171612817
36.5     0.24      0.00233106365278
36.5     0.26      0.00229668925736
36.5     0.28      0.00229524352573
36.5      0.3      0.00231472442157
36.5     0.32      0.00234833079095
36.5     0.34      0.00239192057772
36.5     0.36       0.0024428269786
36.5     0.38       0.0024992553524
36.5      0.4      0.00255995362386
36.5     0.42      0.00262402165239
36.5     0.44      0.00269079569797
36.5     0.46       0.0027597755963
36.5     0.48      0.00283057729267
36.5      0.5      0.00290290099752
36.5     0.52      0.00297650927753
36.5     0.54      0.00305121164438
36.5     0.56      0.00312685349882
36.5     0.58      0.00320330805881
  37     0.16      0.00434371690844
  37     0.18      0.00303311266882
  37      0.2      0.00258554577883
  37     0.22      0.00238904429964
  37     0.24      0.00229961483388
  37     0.26      0.00226570418989
  37     0.28      0.00226427796291
  37      0.3      0.00228349603831
  37     0.32      0.00231664901783
  37     0.34      0.00235965072658
  37     0.36      0.00240987033961
  37     0.38      0.00246553742759
  37      0.4      0.00252541680723
  37     0.42      0.00258862048192
  37     0.44      0.00265449366627
  37     0.46      0.00272254294379
  37     0.48      0.00279238944114
  37      0.5      0.00286373741326
  37     0.52       0.0029363526301
  37     0.54      0.00301004717324
  37     0.56      0.00308466852918
  37     0.58      0.00316009162629
37.5     0.16      0.00428589382503
37.5     0.18      0.00299273620541
37.5      0.2       0.0025511272768
37.5     0.22      0.00235724160377
37.5     0.24      0.00226900261325
37.5     0.26      0.00223554338404
37.5     0.28      0.00223413614284
37.5      0.3      0.00225309838933
37.5     0.32      0.00228581004002
37.5     0.34      0.00232823931473
37.5     0.36      0.00237779040978
37.5     0.38      0.00243271646358
37.5      0.4      0.00249179873548
37.5     0.42      0.00255416104978
37.5     0.44      0.00261915733752
37.5     0.46      0.00268630075052
37.5     0.48      0.00275521745895
37.5      0.5      0.00282561565469
37.5     0.52      0.00289726422572
37.5     0.54      0.00296997775518
37.5     0.56       0.0030436057598
37.5     0.58      0.00311802483292
  38     0.16        0.004229588803
  38     0.18      0.00295341976761
  38      0.2      0.00251761238274
  38     0.22      0.00232627384165
  38     0.24      0.00223919407218
  38     0.26       0.0022061744065
  38     0.28      0.00220478565263
  38      0.3      0.00222349878663
  38     0.32      0.00225578069493
  38     0.34      0.00229765256404
  38     0.36      0.00234655269208
  38     0.38      0.00240075716648
  38      0.4      0.00245906325756
  38     0.42      0.00252060630017
  38     0.44      0.00258474871295
  38     0.46      0.00265101004359
  38     0.48      0.00271902137336
  38      0.5      0.00278849472772
  38     0.52      0.00285920203083
  38     0.54       0.0029309603017
  38     0.56      0.00300362103402
  38     0.58      0.00307706244232
38.5     0.16      0.00417474288006
38.5     0.18      0.00291512218349
38.5      0.2      0.00248496600004
38.5     0.22      0.00229610858404
38.5     0.24      0.00221015799533
38.5     0.26      0.00217756650226
38.5     0.28      0.00217619575663
38.5      0.3      0.00219466623368
38.5     0.32      0.00222652953603
38.5     0.34      0.00226785844425
38.5     0.36      0.00231612447456
38.5     0.38      0.00236962606872
38.5      0.4      0.00242717609306
38.5     0.42      0.00248792109474
38.5     0.44      0.00255123176004
38.5     0.46      0.00261663386677
38.5     0.48      0.00268376328004
38.5      0.5      0.00275233575954
38.5     0.52      0.00282212618692
38.5     0.54      0.00289295395396
38.5     0.56      0.00296467248005
38.5     0.58      0.00303716155894
  39     0.16      0.00412130010616
  39     0.18      0.00287780438447
  39      0.2       0.0024531548251
  39     0.22      0.00226671505839
  39     0.24      0.00218186476208
  39     0.26      0.00214969048747
  39     0.28      0.00214833728938
  39      0.3      0.00216657131749
  39     0.32      0.00219802672329
  39     0.34      0.00223882656143
  39     0.36      0.00228647471643
  39     0.38      0.00233929141246
  39      0.4      0.00239610471288
  39     0.42      0.00245607209029
  39     0.44       0.0025185722871
  39     0.46      0.00258313715185
  39     0.48       0.0026494072111
  39      0.5      0.00271710186324
  39     0.52      0.00278599887176
  39     0.54      0.00285591994049
  39     0.56      0.00292672036524
  39     0.58      0.00299828147862
39.5     0.16      0.00406920735367
39.5     0.18      0.00284142927282
39.5      0.2      0.00242214723433
39.5     0.22      0.00223806404452
39.5     0.24      0.00215428624606
39.5     0.26      0.00212251865053
39.5     0.28       0.0021211825567
39.5      0.3      0.00213918610882
39.5     0.32      0.00217024392196
39.5     0.34      0.00221052805491
39.5     0.36      0.00225757394279
39.5     0.38      0.00230972304194
39.5      0.4      0.00236581822888
39.5     0.42      0.00242502762563
39.5     0.44      0.00248673782724
39.5     0.46      0.00255048659963
39.5     0.48      0.00261591901307
39.5      0.5       0.0026827580127
39.5     0.52      0.00275078417108
39.5     0.54      0.00281982144565
39.5     0.56       0.0028897269613
39.5     0.58      0.00296038355055
