   0     0.16       0.0514718540364
   0     0.18       0.0404342474058
   0      0.2       0.0382975104438
   0     0.22        0.038925589615
   0     0.24       0.0408747076172
   0     0.26        0.043627956527
   0     0.28       0.0469543774853
   0      0.3       0.0507352533215
   0     0.32       0.0549033109722
   0     0.34       0.0594175796243
   0     0.36       0.0642516808092
   0     0.38       0.0693878629787
   0      0.4        0.074813741332
   0     0.42       0.0805204122012
   0     0.44       0.0865013102556
   0     0.46       0.0927514881607
   0     0.48       0.0992671470702
   0      0.5         0.10604532164
   0     0.52        0.113083663318
   0     0.54        0.120380287904
   0     0.56        0.127933666192
   0     0.58        0.135742544128
 0.5     0.16       0.0514718540364
 0.5     0.18       0.0404342474058
 0.5      0.2       0.0382975104438
 0.5     0.22        0.038925589615
 0.5     0.24       0.0408747076172
 0.5     0.26        0.043627956527
 0.5     0.28       0.0469543774853
 0.5      0.3       0.0507352533215
 0.5     0.32       0.0549033109722
 0.5     0.34       0.0594175796243
 0.5     0.36       0.0642516808092
 0.5     0.38       0.0693878629787
 0.5      0.4        0.074813741332
 0.5     0.42       0.0805204122012
 0.5     0.44       0.0865013102556
 0.5     0.46       0.0927514881607
 0.5     0.48       0.0992671470702
 0.5      0.5         0.10604532164
 0.5     0.52        0.113083663318
 0.5     0.54        0.120380287904
 0.5     0.56        0.127933666192
 0.5     0.58        0.135742544128
   1     0.16       0.0514718540364
   1     0.18       0.0404342474058
   1      0.2       0.0382975104438
   1     0.22        0.038925589615
   1     0.24       0.0408747076172
   1     0.26        0.043627956527
   1     0.28       0.0469543774853
   1      0.3       0.0507352533215
   1     0.32       0.0549033109722
   1     0.34       0.0594175796243
   1     0.36       0.0642516808092
   1     0.38       0.0693878629787
   1      0.4        0.074813741332
   1     0.42       0.0805204122012
   1     0.44       0.0865013102556
   1     0.46       0.0927514881607
   1     0.48       0.0992671470702
   1      0.5         0.10604532164
   1     0.52        0.113083663318
   1     0.54        0.120380287904
   1     0.56        0.127933666192
   1     0.58        0.135742544128
 1.5     0.16       0.0514718540364
 1.5     0.18       0.0404342474058
 1.5      0.2       0.0382975104438
 1.5     0.22        0.038925589615
 1.5     0.24       0.0408747076172
 1.5     0.26        0.043627956527
 1.5     0.28       0.0469543774853
 1.5      0.3       0.0507352533215
 1.5     0.32       0.0549033109722
 1.5     0.34       0.0594175796243
 1.5     0.36       0.0642516808092
 1.5     0.38       0.0693878629787
 1.5      0.4        0.074813741332
 1.5     0.42       0.0805204122012
 1.5     0.44       0.0865013102556
 1.5     0.46       0.0927514881607
 1.5     0.48       0.0992671470702
 1.5      0.5         0.10604532164
 1.5     0.52        0.113083663318
 1.5     0.54        0.120380287904
 1.5     0.56        0.127933666192
 1.5     0.58        0.135742544128
   2     0.16       0.0514718540364
   2     0.18       0.0404342474058
   2      0.2       0.0382975104438
   2     0.22        0.038925589615
   2     0.24       0.0408747076172
   2     0.26        0.043627956527
   2     0.28       0.0469543774853
   2      0.3       0.0507352533215
   2     0.32       0.0549033109722
   2     0.34       0.0594175796243
   2     0.36       0.0642516808092
   2     0.38       0.0693878629787
   2      0.4        0.074813741332
   2     0.42       0.0805204122012
   2     0.44       0.0865013102556
   2     0.46       0.0927514881607
   2     0.48       0.0992671470702
   2      0.5         0.10604532164
   2     0.52        0.113083663318
   2     0.54        0.120380287904
   2     0.56        0.127933666192
   2     0.58        0.135742544128
 2.5     0.16       0.0514718540364
 2.5     0.18       0.0404342474058
 2.5      0.2       0.0382975104438
 2.5     0.22        0.038925589615
 2.5     0.24       0.0408747076172
 2.5     0.26        0.043627956527
 2.5     0.28       0.0469543774853
 2.5      0.3       0.0507352533215
 2.5     0.32       0.0549033109722
 2.5     0.34       0.0594175796243
 2.5     0.36       0.0642516808092
 2.5     0.38       0.0693878629787
 2.5      0.4        0.074813741332
 2.5     0.42       0.0805204122012
 2.5     0.44       0.0865013102556
 2.5     0.46       0.0927514881607
 2.5     0.48       0.0992671470702
 2.5      0.5         0.10604532164
 2.5     0.52        0.113083663318
 2.5     0.54        0.120380287904
 2.5     0.56        0.127933666192
 2.5     0.58        0.135742544128
   3     0.16       0.0514718540364
   3     0.18       0.0404342474058
   3      0.2       0.0382975104438
   3     0.22        0.038925589615
   3     0.24       0.0408747076172
   3     0.26        0.043627956527
   3     0.28       0.0469543774853
   3      0.3       0.0507352533215
   3     0.32       0.0549033109722
   3     0.34       0.0594175796243
   3     0.36       0.0642516808092
   3     0.38       0.0693878629787
   3      0.4        0.074813741332
   3     0.42       0.0805204122012
   3     0.44       0.0865013102556
   3     0.46       0.0927514881607
   3     0.48       0.0992671470702
   3      0.5         0.10604532164
   3     0.52        0.113083663318
   3     0.54        0.120380287904
   3     0.56        0.127933666192
   3     0.58        0.135742544128
 3.5     0.16       0.0514718540364
 3.5     0.18       0.0404342474058
 3.5      0.2       0.0382975104438
 3.5     0.22        0.038925589615
 3.5     0.24       0.0408747076172
 3.5     0.26        0.043627956527
 3.5     0.28       0.0469543774853
 3.5      0.3       0.0507352533215
 3.5     0.32       0.0549033109722
 3.5     0.34       0.0594175796243
 3.5     0.36       0.0642516808092
 3.5     0.38       0.0693878629787
 3.5      0.4        0.074813741332
 3.5     0.42       0.0805204122012
 3.5     0.44       0.0865013102556
 3.5     0.46       0.0927514881607
 3.5     0.48       0.0992671470702
 3.5      0.5         0.10604532164
 3.5     0.52        0.113083663318
 3.5     0.54        0.120380287904
 3.5     0.56        0.127933666192
 3.5     0.58        0.135742544128
   4     0.16       0.0514718540364
   4     0.18       0.0404342474058
   4      0.2       0.0382975104438
   4     0.22        0.038925589615
   4     0.24       0.0408747076172
   4     0.26        0.043627956527
   4     0.28       0.0469543774853
   4      0.3       0.0507352533215
   4     0.32       0.0549033109722
   4     0.34       0.0594175796243
   4     0.36       0.0642516808092
   4     0.38       0.0693878629787
   4      0.4        0.074813741332
   4     0.42       0.0805204122012
   4     0.44       0.0865013102556
   4     0.46       0.0927514881607
   4     0.48       0.0992671470702
   4      0.5         0.10604532164
   4     0.52        0.113083663318
   4     0.54        0.120380287904
   4     0.56        0.127933666192
   4     0.58        0.135742544128
 4.5     0.16       0.0514718540364
 4.5     0.18       0.0404342474058
 4.5      0.2       0.0382975104438
 4.5     0.22        0.038925589615
 4.5     0.24       0.0408747076172
 4.5     0.26        0.043627956527
 4.5     0.28       0.0469543774853
 4.5      0.3       0.0507352533215
 4.5     0.32       0.0549033109722
 4.5     0.34       0.0594175796243
 4.5     0.36       0.0642516808092
 4.5     0.38       0.0693878629787
 4.5      0.4        0.074813741332
 4.5     0.42       0.0805204122012
 4.5     0.44       0.0865013102556
 4.5     0.46       0.0927514881607
 4.5     0.48       0.0992671470702
 4.5      0.5         0.10604532164
 4.5     0.52        0.113083663318
 4.5     0.54        0.120380287904
 4.5     0.56        0.127933666192
 4.5     0.58        0.135742544128
   5     0.16       0.0514718540364
   5     0.18       0.0404342474058
   5      0.2       0.0382975104438
   5     0.22        0.038925589615
   5     0.24       0.0408747076172
   5     0.26        0.043627956527
   5     0.28       0.0469543774853
   5      0.3       0.0507352533215
   5     0.32       0.0549033109722
   5     0.34       0.0594175796243
   5     0.36       0.0642516808092
   5     0.38       0.0693878629787
   5      0.4        0.074813741332
   5     0.42       0.0805204122012
   5     0.44       0.0865013102556
   5     0.46       0.0927514881607
   5     0.48       0.0992671470702
   5      0.5         0.10604532164
   5     0.52        0.113083663318
   5     0.54        0.120380287904
   5     0.56        0.127933666192
   5     0.58        0.135742544128
 5.5     0.16       0.0514718540364
 5.5     0.18       0.0404342474058
 5.5      0.2       0.0382975104438
 5.5     0.22        0.038925589615
 5.5     0.24       0.0408747076172
 5.5     0.26        0.043627956527
 5.5     0.28       0.0469543774853
 5.5      0.3       0.0507352533215
 5.5     0.32       0.0549033109722
 5.5     0.34       0.0594175796243
 5.5     0.36       0.0642516808092
 5.5     0.38       0.0693878629787
 5.5      0.4        0.074813741332
 5.5     0.42       0.0805204122012
 5.5     0.44       0.0865013102556
 5.5     0.46       0.0927514881607
 5.5     0.48       0.0992671470702
 5.5      0.5         0.10604532164
 5.5     0.52        0.113083663318
 5.5     0.54        0.120380287904
 5.5     0.56        0.127933666192
 5.5     0.58        0.135742544128
   6     0.16       0.0514718540364
   6     0.18       0.0404342474058
   6      0.2       0.0382975104438
   6     0.22        0.038925589615
   6     0.24       0.0408747076172
   6     0.26        0.043627956527
   6     0.28       0.0469543774853
   6      0.3       0.0507352533215
   6     0.32       0.0549033109722
   6     0.34       0.0594175796243
   6     0.36       0.0642516808092
   6     0.38       0.0693878629787
   6      0.4        0.074813741332
   6     0.42       0.0805204122012
   6     0.44       0.0865013102556
   6     0.46       0.0927514881607
   6     0.48       0.0992671470702
   6      0.5         0.10604532164
   6     0.52        0.113083663318
   6     0.54        0.120380287904
   6     0.56        0.127933666192
   6     0.58        0.135742544128
 6.5     0.16       0.0514718540364
 6.5     0.18       0.0404342474058
 6.5      0.2       0.0382975104438
 6.5     0.22        0.038925589615
 6.5     0.24       0.0408747076172
 6.5     0.26        0.043627956527
 6.5     0.28       0.0469543774853
 6.5      0.3       0.0507352533215
 6.5     0.32       0.0549033109722
 6.5     0.34       0.0594175796243
 6.5     0.36       0.0642516808092
 6.5     0.38       0.0693878629787
 6.5      0.4        0.074813741332
 6.5     0.42       0.0805204122012
 6.5     0.44       0.0865013102556
 6.5     0.46       0.0927514881607
 6.5     0.48       0.0992671470702
 6.5      0.5         0.10604532164
 6.5     0.52        0.113083663318
 6.5     0.54        0.120380287904
 6.5     0.56        0.127933666192
 6.5     0.58        0.135742544128
   7     0.16       0.0514718540364
   7     0.18       0.0404342474058
   7      0.2       0.0382975104438
   7     0.22        0.038925589615
   7     0.24       0.0408747076172
   7     0.26        0.043627956527
   7     0.28       0.0469543774853
   7      0.3       0.0507352533215
   7     0.32       0.0549033109722
   7     0.34       0.0594175796243
   7     0.36       0.0642516808092
   7     0.38       0.0693878629787
   7      0.4        0.074813741332
   7     0.42       0.0805204122012
   7     0.44       0.0865013102556
   7     0.46       0.0927514881607
   7     0.48       0.0992671470702
   7      0.5         0.10604532164
   7     0.52        0.113083663318
   7     0.54        0.120380287904
   7     0.56        0.127933666192
   7     0.58        0.135742544128
 7.5     0.16       0.0514718540364
 7.5     0.18       0.0404342474058
 7.5      0.2       0.0382975104438
 7.5     0.22        0.038925589615
 7.5     0.24       0.0408747076172
 7.5     0.26        0.043627956527
 7.5     0.28       0.0469543774853
 7.5      0.3       0.0507352533215
 7.5     0.32       0.0549033109722
 7.5     0.34       0.0594175796243
 7.5     0.36       0.0642516808092
 7.5     0.38       0.0693878629787
 7.5      0.4        0.074813741332
 7.5     0.42       0.0805204122012
 7.5     0.44       0.0865013102556
 7.5     0.46       0.0927514881607
 7.5     0.48       0.0992671470702
 7.5      0.5         0.10604532164
 7.5     0.52        0.113083663318
 7.5     0.54        0.120380287904
 7.5     0.56        0.127933666192
 7.5     0.58        0.135742544128
   8     0.16       0.0514718540364
   8     0.18       0.0404342474058
   8      0.2       0.0382975104438
   8     0.22        0.038925589615
   8     0.24       0.0408747076172
   8     0.26        0.043627956527
   8     0.28       0.0469543774853
   8      0.3       0.0507352533215
   8     0.32       0.0549033109722
   8     0.34       0.0594175796243
   8     0.36       0.0642516808092
   8     0.38       0.0693878629787
   8      0.4        0.074813741332
   8     0.42       0.0805204122012
   8     0.44       0.0865013102556
   8     0.46       0.0927514881607
   8     0.48       0.0992671470702
   8      0.5         0.10604532164
   8     0.52        0.113083663318
   8     0.54        0.120380287904
   8     0.56        0.127933666192
   8     0.58        0.135742544128
 8.5     0.16       0.0514718540364
 8.5     0.18       0.0404342474058
 8.5      0.2       0.0382975104438
 8.5     0.22        0.038925589615
 8.5     0.24       0.0408747076172
 8.5     0.26        0.043627956527
 8.5     0.28       0.0469543774853
 8.5      0.3       0.0507352533215
 8.5     0.32       0.0549033109722
 8.5     0.34       0.0594175796243
 8.5     0.36       0.0642516808092
 8.5     0.38       0.0693878629787
 8.5      0.4        0.074813741332
 8.5     0.42       0.0805204122012
 8.5     0.44       0.0865013102556
 8.5     0.46       0.0927514881607
 8.5     0.48       0.0992671470702
 8.5      0.5         0.10604532164
 8.5     0.52        0.113083663318
 8.5     0.54        0.120380287904
 8.5     0.56        0.127933666192
 8.5     0.58        0.135742544128
   9     0.16       0.0514718540364
   9     0.18       0.0404342474058
   9      0.2       0.0382975104438
   9     0.22        0.038925589615
   9     0.24       0.0408747076172
   9     0.26        0.043627956527
   9     0.28       0.0469543774853
   9      0.3       0.0507352533215
   9     0.32       0.0549033109722
   9     0.34       0.0594175796243
   9     0.36       0.0642516808092
   9     0.38       0.0693878629787
   9      0.4        0.074813741332
   9     0.42       0.0805204122012
   9     0.44       0.0865013102556
   9     0.46       0.0927514881607
   9     0.48       0.0992671470702
   9      0.5         0.10604532164
   9     0.52        0.113083663318
   9     0.54        0.120380287904
   9     0.56        0.127933666192
   9     0.58        0.135742544128
 9.5     0.16       0.0514718540364
 9.5     0.18       0.0404342474058
 9.5      0.2       0.0382975104438
 9.5     0.22        0.038925589615
 9.5     0.24       0.0408747076172
 9.5     0.26        0.043627956527
 9.5     0.28       0.0469543774853
 9.5      0.3       0.0507352533215
 9.5     0.32       0.0549033109722
 9.5     0.34       0.0594175796243
 9.5     0.36       0.0642516808092
 9.5     0.38       0.0693878629787
 9.5      0.4        0.074813741332
 9.5     0.42       0.0805204122012
 9.5     0.44       0.0865013102556
 9.5     0.46       0.0927514881607
 9.5     0.48       0.0992671470702
 9.5      0.5         0.10604532164
 9.5     0.52        0.113083663318
 9.5     0.54        0.120380287904
 9.5     0.56        0.127933666192
 9.5     0.58        0.135742544128
  10     0.16       0.0514718540364
  10     0.18       0.0404342474058
  10      0.2       0.0382975104438
  10     0.22        0.038925589615
  10     0.24       0.0408747076172
  10     0.26        0.043627956527
  10     0.28       0.0469543774853
  10      0.3       0.0507352533215
  10     0.32       0.0549033109722
  10     0.34       0.0594175796243
  10     0.36       0.0642516808092
  10     0.38       0.0693878629787
  10      0.4        0.074813741332
  10     0.42       0.0805204122012
  10     0.44       0.0865013102556
  10     0.46       0.0927514881607
  10     0.48       0.0992671470702
  10      0.5         0.10604532164
  10     0.52        0.113083663318
  10     0.54        0.120380287904
  10     0.56        0.127933666192
  10     0.58        0.135742544128
10.5     0.16       0.0514718540364
10.5     0.18       0.0404342474058
10.5      0.2       0.0382975104438
10.5     0.22        0.038925589615
10.5     0.24       0.0408747076172
10.5     0.26        0.043627956527
10.5     0.28       0.0469543774853
10.5      0.3       0.0507352533215
10.5     0.32       0.0549033109722
10.5     0.34       0.0594175796243
10.5     0.36       0.0642516808092
10.5     0.38       0.0693878629787
10.5      0.4        0.074813741332
10.5     0.42       0.0805204122012
10.5     0.44       0.0865013102556
10.5     0.46       0.0927514881607
10.5     0.48       0.0992671470702
10.5      0.5         0.10604532164
10.5     0.52        0.113083663318
10.5     0.54        0.120380287904
10.5     0.56        0.127933666192
10.5     0.58        0.135742544128
  11     0.16       0.0514718540364
  11     0.18       0.0404342474058
  11      0.2       0.0382975104438
  11     0.22        0.038925589615
  11     0.24       0.0408747076172
  11     0.26        0.043627956527
  11     0.28       0.0469543774853
  11      0.3       0.0507352533215
  11     0.32       0.0549033109722
  11     0.34       0.0594175796243
  11     0.36       0.0642516808092
  11     0.38       0.0693878629787
  11      0.4        0.074813741332
  11     0.42       0.0805204122012
  11     0.44       0.0865013102556
  11     0.46       0.0927514881607
  11     0.48       0.0992671470702
  11      0.5         0.10604532164
  11     0.52        0.113083663318
  11     0.54        0.120380287904
  11     0.56        0.127933666192
  11     0.58        0.135742544128
11.5     0.16       0.0514718540364
11.5     0.18       0.0404342474058
11.5      0.2       0.0382975104438
11.5     0.22        0.038925589615
11.5     0.24       0.0408747076172
11.5     0.26        0.043627956527
11.5     0.28       0.0469543774853
11.5      0.3       0.0507352533215
11.5     0.32       0.0549033109722
11.5     0.34       0.0594175796243
11.5     0.36       0.0642516808092
11.5     0.38       0.0693878629787
11.5      0.4        0.074813741332
11.5     0.42       0.0805204122012
11.5     0.44       0.0865013102556
11.5     0.46       0.0927514881607
11.5     0.48       0.0992671470702
11.5      0.5         0.10604532164
11.5     0.52        0.113083663318
11.5     0.54        0.120380287904
11.5     0.56        0.127933666192
11.5     0.58        0.135742544128
  12     0.16       0.0514718540364
  12     0.18       0.0404342474058
  12      0.2       0.0382975104438
  12     0.22        0.038925589615
  12     0.24       0.0408747076172
  12     0.26        0.043627956527
  12     0.28       0.0469543774853
  12      0.3       0.0507352533215
  12     0.32       0.0549033109722
  12     0.34       0.0594175796243
  12     0.36       0.0642516808092
  12     0.38       0.0693878629787
  12      0.4        0.074813741332
  12     0.42       0.0805204122012
  12     0.44       0.0865013102556
  12     0.46       0.0927514881607
  12     0.48       0.0992671470702
  12      0.5         0.10604532164
  12     0.52        0.113083663318
  12     0.54        0.120380287904
  12     0.56        0.127933666192
  12     0.58        0.135742544128
12.5     0.16       0.0514718540364
12.5     0.18       0.0404342474058
12.5      0.2       0.0382975104438
12.5     0.22        0.038925589615
12.5     0.24       0.0408747076172
12.5     0.26        0.043627956527
12.5     0.28       0.0469543774853
12.5      0.3       0.0507352533215
12.5     0.32       0.0549033109722
12.5     0.34       0.0594175796243
12.5     0.36       0.0642516808092
12.5     0.38       0.0693878629787
12.5      0.4        0.074813741332
12.5     0.42       0.0805204122012
12.5     0.44       0.0865013102556
12.5     0.46       0.0927514881607
12.5     0.48       0.0992671470702
12.5      0.5         0.10604532164
12.5     0.52        0.113083663318
12.5     0.54        0.120380287904
12.5     0.56        0.127933666192
12.5     0.58        0.135742544128
  13     0.16       0.0514718540364
  13     0.18       0.0404342474058
  13      0.2       0.0382975104438
  13     0.22        0.038925589615
  13     0.24       0.0408747076172
  13     0.26        0.043627956527
  13     0.28       0.0469543774853
  13      0.3       0.0507352533215
  13     0.32       0.0549033109722
  13     0.34       0.0594175796243
  13     0.36       0.0642516808092
  13     0.38       0.0693878629787
  13      0.4        0.074813741332
  13     0.42       0.0805204122012
  13     0.44       0.0865013102556
  13     0.46       0.0927514881607
  13     0.48       0.0992671470702
  13      0.5         0.10604532164
  13     0.52        0.113083663318
  13     0.54        0.120380287904
  13     0.56        0.127933666192
  13     0.58        0.135742544128
13.5     0.16       0.0514718540364
13.5     0.18       0.0404342474058
13.5      0.2       0.0382975104438
13.5     0.22        0.038925589615
13.5     0.24       0.0408747076172
13.5     0.26        0.043627956527
13.5     0.28       0.0469543774853
13.5      0.3       0.0507352533215
13.5     0.32       0.0549033109722
13.5     0.34       0.0594175796243
13.5     0.36       0.0642516808092
13.5     0.38       0.0693878629787
13.5      0.4        0.074813741332
13.5     0.42       0.0805204122012
13.5     0.44       0.0865013102556
13.5     0.46       0.0927514881607
13.5     0.48       0.0992671470702
13.5      0.5         0.10604532164
13.5     0.52        0.113083663318
13.5     0.54        0.120380287904
13.5     0.56        0.127933666192
13.5     0.58        0.135742544128
  14     0.16       0.0514718540364
  14     0.18       0.0404342474058
  14      0.2       0.0382975104438
  14     0.22        0.038925589615
  14     0.24       0.0408747076172
  14     0.26        0.043627956527
  14     0.28       0.0469543774853
  14      0.3       0.0507352533215
  14     0.32       0.0549033109722
  14     0.34       0.0594175796243
  14     0.36       0.0642516808092
  14     0.38       0.0693878629787
  14      0.4        0.074813741332
  14     0.42       0.0805204122012
  14     0.44       0.0865013102556
  14     0.46       0.0927514881607
  14     0.48       0.0992671470702
  14      0.5         0.10604532164
  14     0.52        0.113083663318
  14     0.54        0.120380287904
  14     0.56        0.127933666192
  14     0.58        0.135742544128
14.5     0.16       0.0514718540364
14.5     0.18       0.0404342474058
14.5      0.2       0.0382975104438
14.5     0.22        0.038925589615
14.5     0.24       0.0408747076172
14.5     0.26        0.043627956527
14.5     0.28       0.0469543774853
14.5      0.3       0.0507352533215
14.5     0.32       0.0549033109722
14.5     0.34       0.0594175796243
14.5     0.36       0.0642516808092
14.5     0.38       0.0693878629787
14.5      0.4        0.074813741332
14.5     0.42       0.0805204122012
14.5     0.44       0.0865013102556
14.5     0.46       0.0927514881607
14.5     0.48       0.0992671470702
14.5      0.5         0.10604532164
14.5     0.52        0.113083663318
14.5     0.54        0.120380287904
14.5     0.56        0.127933666192
14.5     0.58        0.135742544128
  15     0.16       0.0514718540364
  15     0.18       0.0404342474058
  15      0.2       0.0382975104438
  15     0.22        0.038925589615
  15     0.24       0.0408747076172
  15     0.26        0.043627956527
  15     0.28       0.0469543774853
  15      0.3       0.0507352533215
  15     0.32       0.0549033109722
  15     0.34       0.0594175796243
  15     0.36       0.0642516808092
  15     0.38       0.0693878629787
  15      0.4        0.074813741332
  15     0.42       0.0805204122012
  15     0.44       0.0865013102556
  15     0.46       0.0927514881607
  15     0.48       0.0992671470702
  15      0.5         0.10604532164
  15     0.52        0.113083663318
  15     0.54        0.120380287904
  15     0.56        0.127933666192
  15     0.58        0.135742544128
15.5     0.16       0.0514718540364
15.5     0.18       0.0404342474058
15.5      0.2       0.0382975104438
15.5     0.22        0.038925589615
15.5     0.24       0.0408747076172
15.5     0.26        0.043627956527
15.5     0.28       0.0469543774853
15.5      0.3       0.0507352533215
15.5     0.32       0.0549033109722
15.5     0.34       0.0594175796243
15.5     0.36       0.0642516808092
15.5     0.38       0.0693878629787
15.5      0.4        0.074813741332
15.5     0.42       0.0805204122012
15.5     0.44       0.0865013102556
15.5     0.46       0.0927514881607
15.5     0.48       0.0992671470702
15.5      0.5         0.10604532164
15.5     0.52        0.113083663318
15.5     0.54        0.120380287904
15.5     0.56        0.127933666192
15.5     0.58        0.135742544128
  16     0.16       0.0514718540364
  16     0.18       0.0404342474058
  16      0.2       0.0382975104438
  16     0.22        0.038925589615
  16     0.24       0.0408747076172
  16     0.26        0.043627956527
  16     0.28       0.0469543774853
  16      0.3       0.0507352533215
  16     0.32       0.0549033109722
  16     0.34       0.0594175796243
  16     0.36       0.0642516808092
  16     0.38       0.0693878629787
  16      0.4        0.074813741332
  16     0.42       0.0805204122012
  16     0.44       0.0865013102556
  16     0.46       0.0927514881607
  16     0.48       0.0992671470702
  16      0.5         0.10604532164
  16     0.52        0.113083663318
  16     0.54        0.120380287904
  16     0.56        0.127933666192
  16     0.58        0.135742544128
16.5     0.16       0.0514718540364
16.5     0.18       0.0404342474058
16.5      0.2       0.0382975104438
16.5     0.22        0.038925589615
16.5     0.24       0.0408747076172
16.5     0.26        0.043627956527
16.5     0.28       0.0469543774853
16.5      0.3       0.0507352533215
16.5     0.32       0.0549033109722
16.5     0.34       0.0594175796243
16.5     0.36       0.0642516808092
16.5     0.38       0.0693878629787
16.5      0.4        0.074813741332
16.5     0.42       0.0805204122012
16.5     0.44       0.0865013102556
16.5     0.46       0.0927514881607
16.5     0.48       0.0992671470702
16.5      0.5         0.10604532164
16.5     0.52        0.113083663318
16.5     0.54        0.120380287904
16.5     0.56        0.127933666192
16.5     0.58        0.135742544128
  17     0.16       0.0514718540364
  17     0.18       0.0404342474058
  17      0.2       0.0382975104438
  17     0.22        0.038925589615
  17     0.24       0.0408747076172
  17     0.26        0.043627956527
  17     0.28       0.0469543774853
  17      0.3       0.0507352533215
  17     0.32       0.0549033109722
  17     0.34       0.0594175796243
  17     0.36       0.0642516808092
  17     0.38       0.0693878629787
  17      0.4        0.074813741332
  17     0.42       0.0805204122012
  17     0.44       0.0865013102556
  17     0.46       0.0927514881607
  17     0.48       0.0992671470702
  17      0.5         0.10604532164
  17     0.52        0.113083663318
  17     0.54        0.120380287904
  17     0.56        0.127933666192
  17     0.58        0.135742544128
17.5     0.16       0.0514718540364
17.5     0.18       0.0404342474058
17.5      0.2       0.0382975104438
17.5     0.22        0.038925589615
17.5     0.24       0.0408747076172
17.5     0.26        0.043627956527
17.5     0.28       0.0469543774853
17.5      0.3       0.0507352533215
17.5     0.32       0.0549033109722
17.5     0.34       0.0594175796243
17.5     0.36       0.0642516808092
17.5     0.38       0.0693878629787
17.5      0.4        0.074813741332
17.5     0.42       0.0805204122012
17.5     0.44       0.0865013102556
17.5     0.46       0.0927514881607
17.5     0.48       0.0992671470702
17.5      0.5         0.10604532164
17.5     0.52        0.113083663318
17.5     0.54        0.120380287904
17.5     0.56        0.127933666192
17.5     0.58        0.135742544128
  18     0.16       0.0514718540364
  18     0.18       0.0404342474058
  18      0.2       0.0382975104438
  18     0.22        0.038925589615
  18     0.24       0.0408747076172
  18     0.26        0.043627956527
  18     0.28       0.0469543774853
  18      0.3       0.0507352533215
  18     0.32       0.0549033109722
  18     0.34       0.0594175796243
  18     0.36       0.0642516808092
  18     0.38       0.0693878629787
  18      0.4        0.074813741332
  18     0.42       0.0805204122012
  18     0.44       0.0865013102556
  18     0.46       0.0927514881607
  18     0.48       0.0992671470702
  18      0.5         0.10604532164
  18     0.52        0.113083663318
  18     0.54        0.120380287904
  18     0.56        0.127933666192
  18     0.58        0.135742544128
18.5     0.16       0.0514718540364
18.5     0.18       0.0404342474058
18.5      0.2       0.0382975104438
18.5     0.22        0.038925589615
18.5     0.24       0.0408747076172
18.5     0.26        0.043627956527
18.5     0.28       0.0469543774853
18.5      0.3       0.0507352533215
18.5     0.32       0.0549033109722
18.5     0.34       0.0594175796243
18.5     0.36       0.0642516808092
18.5     0.38       0.0693878629787
18.5      0.4        0.074813741332
18.5     0.42       0.0805204122012
18.5     0.44       0.0865013102556
18.5     0.46       0.0927514881607
18.5     0.48       0.0992671470702
18.5      0.5         0.10604532164
18.5     0.52        0.113083663318
18.5     0.54        0.120380287904
18.5     0.56        0.127933666192
18.5     0.58        0.135742544128
  19     0.16       0.0514718540364
  19     0.18       0.0404342474058
  19      0.2       0.0382975104438
  19     0.22        0.038925589615
  19     0.24       0.0408747076172
  19     0.26        0.043627956527
  19     0.28       0.0469543774853
  19      0.3       0.0507352533215
  19     0.32       0.0549033109722
  19     0.34       0.0594175796243
  19     0.36       0.0642516808092
  19     0.38       0.0693878629787
  19      0.4        0.074813741332
  19     0.42       0.0805204122012
  19     0.44       0.0865013102556
  19     0.46       0.0927514881607
  19     0.48       0.0992671470702
  19      0.5         0.10604532164
  19     0.52        0.113083663318
  19     0.54        0.120380287904
  19     0.56        0.127933666192
  19     0.58        0.135742544128
19.5     0.16       0.0514718540364
19.5     0.18       0.0404342474058
19.5      0.2       0.0382975104438
19.5     0.22        0.038925589615
19.5     0.24       0.0408747076172
19.5     0.26        0.043627956527
19.5     0.28       0.0469543774853
19.5      0.3       0.0507352533215
19.5     0.32       0.0549033109722
19.5     0.34       0.0594175796243
19.5     0.36       0.0642516808092
19.5     0.38       0.0693878629787
19.5      0.4        0.074813741332
19.5     0.42       0.0805204122012
19.5     0.44       0.0865013102556
19.5     0.46       0.0927514881607
19.5     0.48       0.0992671470702
19.5      0.5         0.10604532164
19.5     0.52        0.113083663318
19.5     0.54        0.120380287904
19.5     0.56        0.127933666192
19.5     0.58        0.135742544128
  20     0.16       0.0514718540364
  20     0.18       0.0404342474058
  20      0.2       0.0382975104438
  20     0.22        0.038925589615
  20     0.24       0.0408747076172
  20     0.26        0.043627956527
  20     0.28       0.0469543774853
  20      0.3       0.0507352533215
  20     0.32       0.0549033109722
  20     0.34       0.0594175796243
  20     0.36       0.0642516808092
  20     0.38       0.0693878629787
  20      0.4        0.074813741332
  20     0.42       0.0805204122012
  20     0.44       0.0865013102556
  20     0.46       0.0927514881607
  20     0.48       0.0992671470702
  20      0.5         0.10604532164
  20     0.52        0.113083663318
  20     0.54        0.120380287904
  20     0.56        0.127933666192
  20     0.58        0.135742544128
20.5     0.16       0.0514718540364
20.5     0.18       0.0404342474058
20.5      0.2       0.0382975104438
20.5     0.22        0.038925589615
20.5     0.24       0.0408747076172
20.5     0.26        0.043627956527
20.5     0.28       0.0469543774853
20.5      0.3       0.0507352533215
20.5     0.32       0.0549033109722
20.5     0.34       0.0594175796243
20.5     0.36       0.0642516808092
20.5     0.38       0.0693878629787
20.5      0.4        0.074813741332
20.5     0.42       0.0805204122012
20.5     0.44       0.0865013102556
20.5     0.46       0.0927514881607
20.5     0.48       0.0992671470702
20.5      0.5         0.10604532164
20.5     0.52        0.113083663318
20.5     0.54        0.120380287904
20.5     0.56        0.127933666192
20.5     0.58        0.135742544128
  21     0.16       0.0514718540364
  21     0.18       0.0404342474058
  21      0.2       0.0382975104438
  21     0.22        0.038925589615
  21     0.24       0.0408747076172
  21     0.26        0.043627956527
  21     0.28       0.0469543774853
  21      0.3       0.0507352533215
  21     0.32       0.0549033109722
  21     0.34       0.0594175796243
  21     0.36       0.0642516808092
  21     0.38       0.0693878629787
  21      0.4        0.074813741332
  21     0.42       0.0805204122012
  21     0.44       0.0865013102556
  21     0.46       0.0927514881607
  21     0.48       0.0992671470702
  21      0.5         0.10604532164
  21     0.52        0.113083663318
  21     0.54        0.120380287904
  21     0.56        0.127933666192
  21     0.58        0.135742544128
21.5     0.16       0.0514718540364
21.5     0.18       0.0404342474058
21.5      0.2       0.0382975104438
21.5     0.22        0.038925589615
21.5     0.24       0.0408747076172
21.5     0.26        0.043627956527
21.5     0.28       0.0469543774853
21.5      0.3       0.0507352533215
21.5     0.32       0.0549033109722
21.5     0.34       0.0594175796243
21.5     0.36       0.0642516808092
21.5     0.38       0.0693878629787
21.5      0.4        0.074813741332
21.5     0.42       0.0805204122012
21.5     0.44       0.0865013102556
21.5     0.46       0.0927514881607
21.5     0.48       0.0992671470702
21.5      0.5         0.10604532164
21.5     0.52        0.113083663318
21.5     0.54        0.120380287904
21.5     0.56        0.127933666192
21.5     0.58        0.135742544128
  22     0.16       0.0514718540364
  22     0.18       0.0404342474058
  22      0.2       0.0382975104438
  22     0.22        0.038925589615
  22     0.24       0.0408747076172
  22     0.26        0.043627956527
  22     0.28       0.0469543774853
  22      0.3       0.0507352533215
  22     0.32       0.0549033109722
  22     0.34       0.0594175796243
  22     0.36       0.0642516808092
  22     0.38       0.0693878629787
  22      0.4        0.074813741332
  22     0.42       0.0805204122012
  22     0.44       0.0865013102556
  22     0.46       0.0927514881607
  22     0.48       0.0992671470702
  22      0.5         0.10604532164
  22     0.52        0.113083663318
  22     0.54        0.120380287904
  22     0.56        0.127933666192
  22     0.58        0.135742544128
22.5     0.16       0.0514718540364
22.5     0.18       0.0404342474058
22.5      0.2       0.0382975104438
22.5     0.22        0.038925589615
22.5     0.24       0.0408747076172
22.5     0.26        0.043627956527
22.5     0.28       0.0469543774853
22.5      0.3       0.0507352533215
22.5     0.32       0.0549033109722
22.5     0.34       0.0594175796243
22.5     0.36       0.0642516808092
22.5     0.38       0.0693878629787
22.5      0.4        0.074813741332
22.5     0.42       0.0805204122012
22.5     0.44       0.0865013102556
22.5     0.46       0.0927514881607
22.5     0.48       0.0992671470702
22.5      0.5         0.10604532164
22.5     0.52        0.113083663318
22.5     0.54        0.120380287904
22.5     0.56        0.127933666192
22.5     0.58        0.135742544128
  23     0.16       0.0514718540364
  23     0.18       0.0404342474058
  23      0.2       0.0382975104438
  23     0.22        0.038925589615
  23     0.24       0.0408747076172
  23     0.26        0.043627956527
  23     0.28       0.0469543774853
  23      0.3       0.0507352533215
  23     0.32       0.0549033109722
  23     0.34       0.0594175796243
  23     0.36       0.0642516808092
  23     0.38       0.0693878629787
  23      0.4        0.074813741332
  23     0.42       0.0805204122012
  23     0.44       0.0865013102556
  23     0.46       0.0927514881607
  23     0.48       0.0992671470702
  23      0.5         0.10604532164
  23     0.52        0.113083663318
  23     0.54        0.120380287904
  23     0.56        0.127933666192
  23     0.58        0.135742544128
23.5     0.16       0.0514718540364
23.5     0.18       0.0404342474058
23.5      0.2       0.0382975104438
23.5     0.22        0.038925589615
23.5     0.24       0.0408747076172
23.5     0.26        0.043627956527
23.5     0.28       0.0469543774853
23.5      0.3       0.0507352533215
23.5     0.32       0.0549033109722
23.5     0.34       0.0594175796243
23.5     0.36       0.0642516808092
23.5     0.38       0.0693878629787
23.5      0.4        0.074813741332
23.5     0.42       0.0805204122012
23.5     0.44       0.0865013102556
23.5     0.46       0.0927514881607
23.5     0.48       0.0992671470702
23.5      0.5         0.10604532164
23.5     0.52        0.113083663318
23.5     0.54        0.120380287904
23.5     0.56        0.127933666192
23.5     0.58        0.135742544128
  24     0.16       0.0514718540364
  24     0.18       0.0404342474058
  24      0.2       0.0382975104438
  24     0.22        0.038925589615
  24     0.24       0.0408747076172
  24     0.26        0.043627956527
  24     0.28       0.0469543774853
  24      0.3       0.0507352533215
  24     0.32       0.0549033109722
  24     0.34       0.0594175796243
  24     0.36       0.0642516808092
  24     0.38       0.0693878629787
  24      0.4        0.074813741332
  24     0.42       0.0805204122012
  24     0.44       0.0865013102556
  24     0.46       0.0927514881607
  24     0.48       0.0992671470702
  24      0.5         0.10604532164
  24     0.52        0.113083663318
  24     0.54        0.120380287904
  24     0.56        0.127933666192
  24     0.58        0.135742544128
24.5     0.16       0.0514718540364
24.5     0.18       0.0404342474058
24.5      0.2       0.0382975104438
24.5     0.22        0.038925589615
24.5     0.24       0.0408747076172
24.5     0.26        0.043627956527
24.5     0.28       0.0469543774853
24.5      0.3       0.0507352533215
24.5     0.32       0.0549033109722
24.5     0.34       0.0594175796243
24.5     0.36       0.0642516808092
24.5     0.38       0.0693878629787
24.5      0.4        0.074813741332
24.5     0.42       0.0805204122012
24.5     0.44       0.0865013102556
24.5     0.46       0.0927514881607
24.5     0.48       0.0992671470702
24.5      0.5         0.10604532164
24.5     0.52        0.113083663318
24.5     0.54        0.120380287904
24.5     0.56        0.127933666192
24.5     0.58        0.135742544128
  25     0.16       0.0514718540364
  25     0.18       0.0404342474058
  25      0.2       0.0382975104438
  25     0.22        0.038925589615
  25     0.24       0.0408747076172
  25     0.26        0.043627956527
  25     0.28       0.0469543774853
  25      0.3       0.0507352533215
  25     0.32       0.0549033109722
  25     0.34       0.0594175796243
  25     0.36       0.0642516808092
  25     0.38       0.0693878629787
  25      0.4        0.074813741332
  25     0.42       0.0805204122012
  25     0.44       0.0865013102556
  25     0.46       0.0927514881607
  25     0.48       0.0992671470702
  25      0.5         0.10604532164
  25     0.52        0.113083663318
  25     0.54        0.120380287904
  25     0.56        0.127933666192
  25     0.58        0.135742544128
25.5     0.16       0.0514718540364
25.5     0.18       0.0404342474058
25.5      0.2       0.0382975104438
25.5     0.22        0.038925589615
25.5     0.24       0.0408747076172
25.5     0.26        0.043627956527
25.5     0.28       0.0469543774853
25.5      0.3       0.0507352533215
25.5     0.32       0.0549033109722
25.5     0.34       0.0594175796243
25.5     0.36       0.0642516808092
25.5     0.38       0.0693878629787
25.5      0.4        0.074813741332
25.5     0.42       0.0805204122012
25.5     0.44       0.0865013102556
25.5     0.46       0.0927514881607
25.5     0.48       0.0992671470702
25.5      0.5         0.10604532164
25.5     0.52        0.113083663318
25.5     0.54        0.120380287904
25.5     0.56        0.127933666192
25.5     0.58        0.135742544128
  26     0.16       0.0514718540364
  26     0.18       0.0404342474058
  26      0.2       0.0382975104438
  26     0.22        0.038925589615
  26     0.24       0.0408747076172
  26     0.26        0.043627956527
  26     0.28       0.0469543774853
  26      0.3       0.0507352533215
  26     0.32       0.0549033109722
  26     0.34       0.0594175796243
  26     0.36       0.0642516808092
  26     0.38       0.0693878629787
  26      0.4        0.074813741332
  26     0.42       0.0805204122012
  26     0.44       0.0865013102556
  26     0.46       0.0927514881607
  26     0.48       0.0992671470702
  26      0.5         0.10604532164
  26     0.52        0.113083663318
  26     0.54        0.120380287904
  26     0.56        0.127933666192
  26     0.58        0.135742544128
26.5     0.16       0.0514718540364
26.5     0.18       0.0404342474058
26.5      0.2       0.0382975104438
26.5     0.22        0.038925589615
26.5     0.24       0.0408747076172
26.5     0.26        0.043627956527
26.5     0.28       0.0469543774853
26.5      0.3       0.0507352533215
26.5     0.32       0.0549033109722
26.5     0.34       0.0594175796243
26.5     0.36       0.0642516808092
26.5     0.38       0.0693878629787
26.5      0.4        0.074813741332
26.5     0.42       0.0805204122012
26.5     0.44       0.0865013102556
26.5     0.46       0.0927514881607
26.5     0.48       0.0992671470702
26.5      0.5         0.10604532164
26.5     0.52        0.113083663318
26.5     0.54        0.120380287904
26.5     0.56        0.127933666192
26.5     0.58        0.135742544128
  27     0.16       0.0514718540364
  27     0.18       0.0404342474058
  27      0.2       0.0382975104438
  27     0.22        0.038925589615
  27     0.24       0.0408747076172
  27     0.26        0.043627956527
  27     0.28       0.0469543774853
  27      0.3       0.0507352533215
  27     0.32       0.0549033109722
  27     0.34       0.0594175796243
  27     0.36       0.0642516808092
  27     0.38       0.0693878629787
  27      0.4        0.074813741332
  27     0.42       0.0805204122012
  27     0.44       0.0865013102556
  27     0.46       0.0927514881607
  27     0.48       0.0992671470702
  27      0.5         0.10604532164
  27     0.52        0.113083663318
  27     0.54        0.120380287904
  27     0.56        0.127933666192
  27     0.58        0.135742544128
27.5     0.16       0.0514718540364
27.5     0.18       0.0404342474058
27.5      0.2       0.0382975104438
27.5     0.22        0.038925589615
27.5     0.24       0.0408747076172
27.5     0.26        0.043627956527
27.5     0.28       0.0469543774853
27.5      0.3       0.0507352533215
27.5     0.32       0.0549033109722
27.5     0.34       0.0594175796243
27.5     0.36       0.0642516808092
27.5     0.38       0.0693878629787
27.5      0.4        0.074813741332
27.5     0.42       0.0805204122012
27.5     0.44       0.0865013102556
27.5     0.46       0.0927514881607
27.5     0.48       0.0992671470702
27.5      0.5         0.10604532164
27.5     0.52        0.113083663318
27.5     0.54        0.120380287904
27.5     0.56        0.127933666192
27.5     0.58        0.135742544128
  28     0.16       0.0514718540364
  28     0.18       0.0404342474058
  28      0.2       0.0382975104438
  28     0.22        0.038925589615
  28     0.24       0.0408747076172
  28     0.26        0.043627956527
  28     0.28       0.0469543774853
  28      0.3       0.0507352533215
  28     0.32       0.0549033109722
  28     0.34       0.0594175796243
  28     0.36       0.0642516808092
  28     0.38       0.0693878629787
  28      0.4        0.074813741332
  28     0.42       0.0805204122012
  28     0.44       0.0865013102556
  28     0.46       0.0927514881607
  28     0.48       0.0992671470702
  28      0.5         0.10604532164
  28     0.52        0.113083663318
  28     0.54        0.120380287904
  28     0.56        0.127933666192
  28     0.58        0.135742544128
28.5     0.16       0.0514718540364
28.5     0.18       0.0404342474058
28.5      0.2       0.0382975104438
28.5     0.22        0.038925589615
28.5     0.24       0.0408747076172
28.5     0.26        0.043627956527
28.5     0.28       0.0469543774853
28.5      0.3       0.0507352533215
28.5     0.32       0.0549033109722
28.5     0.34       0.0594175796243
28.5     0.36       0.0642516808092
28.5     0.38       0.0693878629787
28.5      0.4        0.074813741332
28.5     0.42       0.0805204122012
28.5     0.44       0.0865013102556
28.5     0.46       0.0927514881607
28.5     0.48       0.0992671470702
28.5      0.5         0.10604532164
28.5     0.52        0.113083663318
28.5     0.54        0.120380287904
28.5     0.56        0.127933666192
28.5     0.58        0.135742544128
  29     0.16       0.0514718540364
  29     0.18       0.0404342474058
  29      0.2       0.0382975104438
  29     0.22        0.038925589615
  29     0.24       0.0408747076172
  29     0.26        0.043627956527
  29     0.28       0.0469543774853
  29      0.3       0.0507352533215
  29     0.32       0.0549033109722
  29     0.34       0.0594175796243
  29     0.36       0.0642516808092
  29     0.38       0.0693878629787
  29      0.4        0.074813741332
  29     0.42       0.0805204122012
  29     0.44       0.0865013102556
  29     0.46       0.0927514881607
  29     0.48       0.0992671470702
  29      0.5         0.10604532164
  29     0.52        0.113083663318
  29     0.54        0.120380287904
  29     0.56        0.127933666192
  29     0.58        0.135742544128
29.5     0.16       0.0514718540364
29.5     0.18       0.0404342474058
29.5      0.2       0.0382975104438
29.5     0.22        0.038925589615
29.5     0.24       0.0408747076172
29.5     0.26        0.043627956527
29.5     0.28       0.0469543774853
29.5      0.3       0.0507352533215
29.5     0.32       0.0549033109722
29.5     0.34       0.0594175796243
29.5     0.36       0.0642516808092
29.5     0.38       0.0693878629787
29.5      0.4        0.074813741332
29.5     0.42       0.0805204122012
29.5     0.44       0.0865013102556
29.5     0.46       0.0927514881607
29.5     0.48       0.0992671470702
29.5      0.5         0.10604532164
29.5     0.52        0.113083663318
29.5     0.54        0.120380287904
29.5     0.56        0.127933666192
29.5     0.58        0.135742544128
  30     0.16       0.0514718540364
  30     0.18       0.0404342474058
  30      0.2       0.0382975104438
  30     0.22        0.038925589615
  30     0.24       0.0408747076172
  30     0.26        0.043627956527
  30     0.28       0.0469543774853
  30      0.3       0.0507352533215
  30     0.32       0.0549033109722
  30     0.34       0.0594175796243
  30     0.36       0.0642516808092
  30     0.38       0.0693878629787
  30      0.4        0.074813741332
  30     0.42       0.0805204122012
  30     0.44       0.0865013102556
  30     0.46       0.0927514881607
  30     0.48       0.0992671470702
  30      0.5         0.10604532164
  30     0.52        0.113083663318
  30     0.54        0.120380287904
  30     0.56        0.127933666192
  30     0.58        0.135742544128
30.5     0.16       0.0514718540364
30.5     0.18       0.0404342474058
30.5      0.2       0.0382975104438
30.5     0.22        0.038925589615
30.5     0.24       0.0408747076172
30.5     0.26        0.043627956527
30.5     0.28       0.0469543774853
30.5      0.3       0.0507352533215
30.5     0.32       0.0549033109722
30.5     0.34       0.0594175796243
30.5     0.36       0.0642516808092
30.5     0.38       0.0693878629787
30.5      0.4        0.074813741332
30.5     0.42       0.0805204122012
30.5     0.44       0.0865013102556
30.5     0.46       0.0927514881607
30.5     0.48       0.0992671470702
30.5      0.5         0.10604532164
30.5     0.52        0.113083663318
30.5     0.54        0.120380287904
30.5     0.56        0.127933666192
30.5     0.58        0.135742544128
  31     0.16       0.0514718540364
  31     0.18       0.0404342474058
  31      0.2       0.0382975104438
  31     0.22        0.038925589615
  31     0.24       0.0408747076172
  31     0.26        0.043627956527
  31     0.28       0.0469543774853
  31      0.3       0.0507352533215
  31     0.32       0.0549033109722
  31     0.34       0.0594175796243
  31     0.36       0.0642516808092
  31     0.38       0.0693878629787
  31      0.4        0.074813741332
  31     0.42       0.0805204122012
  31     0.44       0.0865013102556
  31     0.46       0.0927514881607
  31     0.48       0.0992671470702
  31      0.5         0.10604532164
  31     0.52        0.113083663318
  31     0.54        0.120380287904
  31     0.56        0.127933666192
  31     0.58        0.135742544128
31.5     0.16       0.0514718540364
31.5     0.18       0.0404342474058
31.5      0.2       0.0382975104438
31.5     0.22        0.038925589615
31.5     0.24       0.0408747076172
31.5     0.26        0.043627956527
31.5     0.28       0.0469543774853
31.5      0.3       0.0507352533215
31.5     0.32       0.0549033109722
31.5     0.34       0.0594175796243
31.5     0.36       0.0642516808092
31.5     0.38       0.0693878629787
31.5      0.4        0.074813741332
31.5     0.42       0.0805204122012
31.5     0.44       0.0865013102556
31.5     0.46       0.0927514881607
31.5     0.48       0.0992671470702
31.5      0.5         0.10604532164
31.5     0.52        0.113083663318
31.5     0.54        0.120380287904
31.5     0.56        0.127933666192
31.5     0.58        0.135742544128
  32     0.16       0.0514718540364
  32     0.18       0.0404342474058
  32      0.2       0.0382975104438
  32     0.22        0.038925589615
  32     0.24       0.0408747076172
  32     0.26        0.043627956527
  32     0.28       0.0469543774853
  32      0.3       0.0507352533215
  32     0.32       0.0549033109722
  32     0.34       0.0594175796243
  32     0.36       0.0642516808092
  32     0.38       0.0693878629787
  32      0.4        0.074813741332
  32     0.42       0.0805204122012
  32     0.44       0.0865013102556
  32     0.46       0.0927514881607
  32     0.48       0.0992671470702
  32      0.5         0.10604532164
  32     0.52        0.113083663318
  32     0.54        0.120380287904
  32     0.56        0.127933666192
  32     0.58        0.135742544128
32.5     0.16       0.0514718540364
32.5     0.18       0.0404342474058
32.5      0.2       0.0382975104438
32.5     0.22        0.038925589615
32.5     0.24       0.0408747076172
32.5     0.26        0.043627956527
32.5     0.28       0.0469543774853
32.5      0.3       0.0507352533215
32.5     0.32       0.0549033109722
32.5     0.34       0.0594175796243
32.5     0.36       0.0642516808092
32.5     0.38       0.0693878629787
32.5      0.4        0.074813741332
32.5     0.42       0.0805204122012
32.5     0.44       0.0865013102556
32.5     0.46       0.0927514881607
32.5     0.48       0.0992671470702
32.5      0.5         0.10604532164
32.5     0.52        0.113083663318
32.5     0.54        0.120380287904
32.5     0.56        0.127933666192
32.5     0.58        0.135742544128
  33     0.16       0.0514718540364
  33     0.18       0.0404342474058
  33      0.2       0.0382975104438
  33     0.22        0.038925589615
  33     0.24       0.0408747076172
  33     0.26        0.043627956527
  33     0.28       0.0469543774853
  33      0.3       0.0507352533215
  33     0.32       0.0549033109722
  33     0.34       0.0594175796243
  33     0.36       0.0642516808092
  33     0.38       0.0693878629787
  33      0.4        0.074813741332
  33     0.42       0.0805204122012
  33     0.44       0.0865013102556
  33     0.46       0.0927514881607
  33     0.48       0.0992671470702
  33      0.5         0.10604532164
  33     0.52        0.113083663318
  33     0.54        0.120380287904
  33     0.56        0.127933666192
  33     0.58        0.135742544128
33.5     0.16       0.0514718540364
33.5     0.18       0.0404342474058
33.5      0.2       0.0382975104438
33.5     0.22        0.038925589615
33.5     0.24       0.0408747076172
33.5     0.26        0.043627956527
33.5     0.28       0.0469543774853
33.5      0.3       0.0507352533215
33.5     0.32       0.0549033109722
33.5     0.34       0.0594175796243
33.5     0.36       0.0642516808092
33.5     0.38       0.0693878629787
33.5      0.4        0.074813741332
33.5     0.42       0.0805204122012
33.5     0.44       0.0865013102556
33.5     0.46       0.0927514881607
33.5     0.48       0.0992671470702
33.5      0.5         0.10604532164
33.5     0.52        0.113083663318
33.5     0.54        0.120380287904
33.5     0.56        0.127933666192
33.5     0.58        0.135742544128
  34     0.16       0.0514718540364
  34     0.18       0.0404342474058
  34      0.2       0.0382975104438
  34     0.22        0.038925589615
  34     0.24       0.0408747076172
  34     0.26        0.043627956527
  34     0.28       0.0469543774853
  34      0.3       0.0507352533215
  34     0.32       0.0549033109722
  34     0.34       0.0594175796243
  34     0.36       0.0642516808092
  34     0.38       0.0693878629787
  34      0.4        0.074813741332
  34     0.42       0.0805204122012
  34     0.44       0.0865013102556
  34     0.46       0.0927514881607
  34     0.48       0.0992671470702
  34      0.5         0.10604532164
  34     0.52        0.113083663318
  34     0.54        0.120380287904
  34     0.56        0.127933666192
  34     0.58        0.135742544128
34.5     0.16       0.0514718540364
34.5     0.18       0.0404342474058
34.5      0.2       0.0382975104438
34.5     0.22        0.038925589615
34.5     0.24       0.0408747076172
34.5     0.26        0.043627956527
34.5     0.28       0.0469543774853
34.5      0.3       0.0507352533215
34.5     0.32       0.0549033109722
34.5     0.34       0.0594175796243
34.5     0.36       0.0642516808092
34.5     0.38       0.0693878629787
34.5      0.4        0.074813741332
34.5     0.42       0.0805204122012
34.5     0.44       0.0865013102556
34.5     0.46       0.0927514881607
34.5     0.48       0.0992671470702
34.5      0.5         0.10604532164
34.5     0.52        0.113083663318
34.5     0.54        0.120380287904
34.5     0.56        0.127933666192
34.5     0.58        0.135742544128
  35     0.16       0.0514718540364
  35     0.18       0.0404342474058
  35      0.2       0.0382975104438
  35     0.22        0.038925589615
  35     0.24       0.0408747076172
  35     0.26        0.043627956527
  35     0.28       0.0469543774853
  35      0.3       0.0507352533215
  35     0.32       0.0549033109722
  35     0.34       0.0594175796243
  35     0.36       0.0642516808092
  35     0.38       0.0693878629787
  35      0.4        0.074813741332
  35     0.42       0.0805204122012
  35     0.44       0.0865013102556
  35     0.46       0.0927514881607
  35     0.48       0.0992671470702
  35      0.5         0.10604532164
  35     0.52        0.113083663318
  35     0.54        0.120380287904
  35     0.56        0.127933666192
  35     0.58        0.135742544128
35.5     0.16       0.0514718540364
35.5     0.18       0.0404342474058
35.5      0.2       0.0382975104438
35.5     0.22        0.038925589615
35.5     0.24       0.0408747076172
35.5     0.26        0.043627956527
35.5     0.28       0.0469543774853
35.5      0.3       0.0507352533215
35.5     0.32       0.0549033109722
35.5     0.34       0.0594175796243
35.5     0.36       0.0642516808092
35.5     0.38       0.0693878629787
35.5      0.4        0.074813741332
35.5     0.42       0.0805204122012
35.5     0.44       0.0865013102556
35.5     0.46       0.0927514881607
35.5     0.48       0.0992671470702
35.5      0.5         0.10604532164
35.5     0.52        0.113083663318
35.5     0.54        0.120380287904
35.5     0.56        0.127933666192
35.5     0.58        0.135742544128
  36     0.16       0.0514718540364
  36     0.18       0.0404342474058
  36      0.2       0.0382975104438
  36     0.22        0.038925589615
  36     0.24       0.0408747076172
  36     0.26        0.043627956527
  36     0.28       0.0469543774853
  36      0.3       0.0507352533215
  36     0.32       0.0549033109722
  36     0.34       0.0594175796243
  36     0.36       0.0642516808092
  36     0.38       0.0693878629787
  36      0.4        0.074813741332
  36     0.42       0.0805204122012
  36     0.44       0.0865013102556
  36     0.46       0.0927514881607
  36     0.48       0.0992671470702
  36      0.5         0.10604532164
  36     0.52        0.113083663318
  36     0.54        0.120380287904
  36     0.56        0.127933666192
  36     0.58        0.135742544128
36.5     0.16       0.0514718540364
36.5     0.18       0.0404342474058
36.5      0.2       0.0382975104438
36.5     0.22        0.038925589615
36.5     0.24       0.0408747076172
36.5     0.26        0.043627956527
36.5     0.28       0.0469543774853
36.5      0.3       0.0507352533215
36.5     0.32       0.0549033109722
36.5     0.34       0.0594175796243
36.5     0.36       0.0642516808092
36.5     0.38       0.0693878629787
36.5      0.4        0.074813741332
36.5     0.42       0.0805204122012
36.5     0.44       0.0865013102556
36.5     0.46       0.0927514881607
36.5     0.48       0.0992671470702
36.5      0.5         0.10604532164
36.5     0.52        0.113083663318
36.5     0.54        0.120380287904
36.5     0.56        0.127933666192
36.5     0.58        0.135742544128
  37     0.16       0.0514718540364
  37     0.18       0.0404342474058
  37      0.2       0.0382975104438
  37     0.22        0.038925589615
  37     0.24       0.0408747076172
  37     0.26        0.043627956527
  37     0.28       0.0469543774853
  37      0.3       0.0507352533215
  37     0.32       0.0549033109722
  37     0.34       0.0594175796243
  37     0.36       0.0642516808092
  37     0.38       0.0693878629787
  37      0.4        0.074813741332
  37     0.42       0.0805204122012
  37     0.44       0.0865013102556
  37     0.46       0.0927514881607
  37     0.48       0.0992671470702
  37      0.5         0.10604532164
  37     0.52        0.113083663318
  37     0.54        0.120380287904
  37     0.56        0.127933666192
  37     0.58        0.135742544128
37.5     0.16       0.0514718540364
37.5     0.18       0.0404342474058
37.5      0.2       0.0382975104438
37.5     0.22        0.038925589615
37.5     0.24       0.0408747076172
37.5     0.26        0.043627956527
37.5     0.28       0.0469543774853
37.5      0.3       0.0507352533215
37.5     0.32       0.0549033109722
37.5     0.34       0.0594175796243
37.5     0.36       0.0642516808092
37.5     0.38       0.0693878629787
37.5      0.4        0.074813741332
37.5     0.42       0.0805204122012
37.5     0.44       0.0865013102556
37.5     0.46       0.0927514881607
37.5     0.48       0.0992671470702
37.5      0.5         0.10604532164
37.5     0.52        0.113083663318
37.5     0.54        0.120380287904
37.5     0.56        0.127933666192
37.5     0.58        0.135742544128
  38     0.16       0.0514718540364
  38     0.18       0.0404342474058
  38      0.2       0.0382975104438
  38     0.22        0.038925589615
  38     0.24       0.0408747076172
  38     0.26        0.043627956527
  38     0.28       0.0469543774853
  38      0.3       0.0507352533215
  38     0.32       0.0549033109722
  38     0.34       0.0594175796243
  38     0.36       0.0642516808092
  38     0.38       0.0693878629787
  38      0.4        0.074813741332
  38     0.42       0.0805204122012
  38     0.44       0.0865013102556
  38     0.46       0.0927514881607
  38     0.48       0.0992671470702
  38      0.5         0.10604532164
  38     0.52        0.113083663318
  38     0.54        0.120380287904
  38     0.56        0.127933666192
  38     0.58        0.135742544128
38.5     0.16       0.0514718540364
38.5     0.18       0.0404342474058
38.5      0.2       0.0382975104438
38.5     0.22        0.038925589615
38.5     0.24       0.0408747076172
38.5     0.26        0.043627956527
38.5     0.28       0.0469543774853
38.5      0.3       0.0507352533215
38.5     0.32       0.0549033109722
38.5     0.34       0.0594175796243
38.5     0.36       0.0642516808092
38.5     0.38       0.0693878629787
38.5      0.4        0.074813741332
38.5     0.42       0.0805204122012
38.5     0.44       0.0865013102556
38.5     0.46       0.0927514881607
38.5     0.48       0.0992671470702
38.5      0.5         0.10604532164
38.5     0.52        0.113083663318
38.5     0.54        0.120380287904
38.5     0.56        0.127933666192
38.5     0.58        0.135742544128
  39     0.16       0.0514718540364
  39     0.18       0.0404342474058
  39      0.2       0.0382975104438
  39     0.22        0.038925589615
  39     0.24       0.0408747076172
  39     0.26        0.043627956527
  39     0.28       0.0469543774853
  39      0.3       0.0507352533215
  39     0.32       0.0549033109722
  39     0.34       0.0594175796243
  39     0.36       0.0642516808092
  39     0.38       0.0693878629787
  39      0.4        0.074813741332
  39     0.42       0.0805204122012
  39     0.44       0.0865013102556
  39     0.46       0.0927514881607
  39     0.48       0.0992671470702
  39      0.5         0.10604532164
  39     0.52        0.113083663318
  39     0.54        0.120380287904
  39     0.56        0.127933666192
  39     0.58        0.135742544128
39.5     0.16       0.0514718540364
39.5     0.18       0.0404342474058
39.5      0.2       0.0382975104438
39.5     0.22        0.038925589615
39.5     0.24       0.0408747076172
39.5     0.26        0.043627956527
39.5     0.28       0.0469543774853
39.5      0.3       0.0507352533215
39.5     0.32       0.0549033109722
39.5     0.34       0.0594175796243
39.5     0.36       0.0642516808092
39.5     0.38       0.0693878629787
39.5      0.4        0.074813741332
39.5     0.42       0.0805204122012
39.5     0.44       0.0865013102556
39.5     0.46       0.0927514881607
39.5     0.48       0.0992671470702
39.5      0.5         0.10604532164
39.5     0.52        0.113083663318
39.5     0.54        0.120380287904
39.5     0.56        0.127933666192
39.5     0.58        0.135742544128
