friction (1/fm) for c as a function of p (1rst column) 
for T=200, 250, 300 and 400 MeV (2nd -> 5th columns)
pure elastic with K=1.5 
N.B.: mc=1.5 GeV

0.4	0.44239		0.593395	0.74175		1.02376
1.	0.409886	0.551345	0.684264	0.941757
2.	0.344249	0.457959	0.56772		0.77337
3.	0.290838	0.38444		0.473873	0.642143
4.	0.250333	0.329675	0.405173	0.547075
5.	0.219788	0.288098	0.354198	0.477808
10.	0.136245	0.177831	0.217372	0.292777
15.	0.099364	0.129277	0.157958	0.213425
20.	0.078462	0.101964	0.124596	0.168778
25.	0.0649952	0.084366	0.10341		0.139958
30.	0.0554873	0.0720973	0.0884333	0.120014
35.	0.0484817	0.0631229	0.0771054	0.104827
40.	0.043017	0.0559435	0.0684123	0.09321
45.	0.0388169	0.0502924	0.0619458	0.0842411
50.	0.0352144	0.0459122	0.0561658	0.0764834
55.	0.0323333	0.0420849	0.0514975	0.0703173
60.	0.0298362	0.0388668	0.04763		0.065286
