friction (1/fm) for c as a function of p (1rst column) 
for T=200, 250, 300 and 400 MeV (2nd -> 5th columns)
elastic + rad LPM with K=0.8 
N.B.: mc=1.5 GeV
0.1	0.257162	0.36		0.447687	0.61196
1.	0.256809	0.34595		0.428863	0.584066
2.	0.238646	0.317801	0.39171		0.52276
3.	0.223253	0.295728	0.36281		0.482217
4.	0.211442	0.27884		0.3409		0.45408
5.	0.201668	0.26468		0.324634	0.431024
10.	0.168566	0.221471	0.271021	0.363016
15.	0.149061	0.195447	0.239755	0.322481
20.	0.13497		0.17708		0.21838		0.295003
25.	0.124451	0.163631	0.201649	0.272941
30.	0.116517	0.152727	0.188416	0.255858
35.	0.109711	0.143841	0.177715	0.242475
40.	0.10379		0.136424	0.168234	0.23045
45.	0.0991149	0.13021		0.160321	0.22034
50.	0.0949862	0.124679	0.15452		0.211524
55.	0.0909756	0.120188	0.148213	0.203562
60.	0.0880382	0.115736	0.142496	0.195993
60.	0.088196	0.115347	0.143211	0.195883
70.	0.0828233	0.108856	0.134362	0.185051
80.	0.0783086	0.102815	0.126981	0.175859
90.	0.0744369	0.0976938	0.120832	0.167262
100.	0.0712592	0.0936406	0.115773	0.160227
110.	0.0684583	0.0899635	0.111567	0.154125
120.	0.065841	0.0865608	0.107245	0.147792
130.	0.0637736	0.0837062	0.103649	0.143377
140.	0.0616741	0.0809871	0.100074	0.139048
150.	0.0598969	0.078812	0.0974687	0.1351
160.	0.0580636	0.0763288	0.0949531	0.131023
170.	0.0565775	0.0746382	0.0919094	0.127538
180.	0.0554782	0.0725222	0.089805	0.12454
190.	0.0540263	0.0708858	0.0878053	0.121179
