BT (GeV^2/fm) as a function of p (1rst column) 
broadening per unit time !!!
for T=200, 300 and 400 MeV (2nd -> 4th columns)
pure elastic with K=1.5 
N.B.: mc=1.5 GeV

0.4	0.132624	0.331883	0.604999
1.	0.155645	0.382696	0.691563
2.	0.199091	0.479594	0.85413
3.	0.231374	0.550334	0.97743
4.	0.254129	0.601358	1.06607
5.	0.270554	0.638207	1.13038
10.	0.312466	0.734617	1.30476
15.	0.33102		0.778531	1.38916
20.	0.342032	0.805367	1.44083
25.	0.349699	0.824546	1.4747
30.	0.355109	0.838734	1.50686
35.	0.359797	0.848642	1.52836
40.	0.362483	0.85861		1.54668
45.	0.365867	0.866842	1.56451
50.	0.368047	0.872324	1.57317
55.	0.370476	0.878801	1.58546
60.	0.372097	0.882364	1.59741
