BT (GeV^2/fm)  as a function of p (1rst column) 
for T=200, 300 and 400 MeV (2nd -> 4th columns)
elastic + rad LPM with K=0.8 
N.B.: mc=1.5 GeV
0.1	0.0703109	0.176826	0.323565
1.	0.0885639	0.217365	0.390621
2.	0.11731		0.281779	0.498474
3.	0.141179	0.334974	0.589492
4.	0.159827	0.377086	0.664039
5.	0.174716	0.411113	0.723508
10.	0.219243	0.516067	0.914568
15.	0.24229		0.572771	1.02265
20.	0.256808	0.610394	1.09321
25.	0.266185	0.634992	1.14305
30.	0.273736	0.654186	1.18378
35.	0.279333	0.668883	1.21578
40.	0.283285	0.679408	1.2409
45.	0.287178	0.688779	1.2559
50.	0.289316	0.696944	1.27485
55.	0.290777	0.701075	1.28647
60.	0.293444	0.705603	1.2985
60.	0.293491	0.70659		1.29805
70.	0.296004	0.717196	1.31967
80.	0.298295	0.721722	1.33764
90.	0.300659	0.72535		1.34986
100.	0.30162		0.733571	1.35645
