0.	1.	
0.5	0.969264
1.	0.90117	
1.5	0.821838
2.	0.746784
2.5	0.68077	
3.	0.624023
3.5	0.575334
4.	0.533616
4.5	0.497492
5.	0.465831
5.5	0.438094
6.	0.413478
6.5	0.391577
7.	0.371913
7.5	0.354199
8.	0.338132
8.5	0.323511
9.	0.310134
9.5	0.297852
10.	0.286547
10.5	0.276072
11.	0.266346
11.5	0.257292
12.	0.248847
12.5	0.240958
13.	0.233578
13.5	0.22667	
14.	0.220201
14.5	0.214142
15.	0.208466
15.5	0.203026
16.	0.197869
16.5	0.19297	
17.	0.188311
17.5	0.183873
18.	0.179642
18.5	0.175602
19.	0.171741
19.5	0.168049
20.	0.164515
