0.	1.	
0.5	0.997793
1.	0.991495
1.5	0.981438
2.	0.96813	
2.5	0.952163
3.	0.93415	
3.5	0.914695
4.	0.894226
4.5	0.87323	
5.	0.852089
5.5	0.830997
6.	0.810189
6.5	0.789801
7.	0.76993	
7.5	0.750655
8.	0.732002
8.5	0.714011
9.	0.69667	
9.5	0.679983
10.	0.663951
10.5	0.648506
11.	0.633645
11.5	0.619353
12.	0.605617
12.5	0.592428
13.	0.579777
13.5	0.567655
14.	0.556057
14.5	0.544978
15.	0.534408
15.5	0.524123
16.	0.514195
16.5	0.504606
17.	0.495339
17.5	0.486378
18.	0.47771	
18.5	0.469323
19.	0.461206
19.5	0.45335	
20.	0.445748
