0.	1.	
0.5	0.972269
1.	0.910079
1.5	0.836438
2.	0.765513
2.5	0.702072
3.	0.646734
3.5	0.598651
4.	0.557063
4.5	0.520724
5.	0.48865	
5.5	0.46038	
6.	0.435163
6.5	0.41263	
7.	0.392322
7.5	0.373972
8.	0.35728	
8.5	0.342054
9.	0.328093
9.5	0.315251
10.	0.303409
10.5	0.292419
11.	0.2822	
11.5	0.272676
12.	0.263782
12.5	0.255466
13.	0.247681
13.5	0.240389
14.	0.233557
14.5	0.227157
15.	0.221161
15.5	0.215407
16.	0.209948
16.5	0.20476	
17.	0.199823
17.5	0.195119
18.	0.190631
18.5	0.186344
19.	0.182247
19.5	0.178326
20.	0.174573
