5.000000000000000000e-01 4.897953794059846100e-01
1.139999999999999902e+00 6.967639032995910364e-01
1.790000000000000036e+00 9.505712774728906078e-01
2.430000000000000160e+00 1.200895731343102790e+00
3.069999999999999840e+00 1.259288729463844847e+00
3.709999999999999964e+00 1.076209712690044507e+00
4.360000000000000320e+00 8.209978348932254200e-01
5.000000000000000000e+00 6.092403947228188787e-01
5.639999999999999680e+00 4.482649770789458032e-01
6.290000000000000036e+00 3.508392028115766559e-01
6.929999999999999716e+00 2.861108355008621373e-01
7.570000000000000284e+00 2.420140138579366385e-01
8.210000000000000853e+00 2.143036591425486748e-01
8.859999999999999432e+00 1.976668935555848661e-01
9.500000000000000000e+00 1.807050616975277302e-01
